VectorData v1.0
METADATA{
        filedescrible=TITAN风暴识别,date=2016-07-07,time=07:36:00,record=508,coord=GEO,dimension=3,invaild=9999
}
TAB{
        keyName=时效,质心x,质心y,质心z,最大反射率因子,投影面积,体积
        keyType=int,float,float,float,float,float,float

}
DATA BEGIN
VALUE 0 118.114 29.1152 1.5 36.5 60.781 121.562
POLYGON 73
118.114 29.155 9999
118.117 29.155 9999
118.121 29.155 9999
118.125 29.155 9999
118.128 29.155 9999
118.132 29.155 9999
118.137 29.155 9999
118.142 29.155 9999
118.145 29.1522 9999
118.145 29.1463 9999
118.149 29.145 9999
118.155 29.1439 9999
118.155 29.1389 9999
118.155 29.1343 9999
118.155 29.1301 9999
118.155 29.1262 9999
118.155 29.1224 9999
118.155 29.1188 9999
118.155 29.1152 9999
118.145 29.1125 9999
118.145 29.1097 9999
118.145 29.1069 9999
118.145 29.1039 9999
118.145 29.1007 9999
118.145 29.0972 9999
118.145 29.0934 9999
118.145 29.0891 9999
118.145 29.0841 9999
118.145 29.0781 9999
118.142 29.075 9999
118.137 29.075 9999
118.133 29.075 9999
118.129 29.075 9999
118.125 29.075 9999
118.121 29.075 9999
118.117 29.075 9999
118.114 29.075 9999
118.11 29.075 9999
118.107 29.075 9999
118.103 29.075 9999
118.099 29.075 9999
118.095 29.075 9999
118.091 29.075 9999
118.086 29.075 9999
118.08 29.075 9999
118.075 29.0763 9999
118.075 29.0825 9999
118.075 29.0879 9999
118.075 29.0927 9999
118.075 29.097 9999
118.075 29.101 9999
118.075 29.1047 9999
118.075 29.1083 9999
118.075 29.1118 9999
118.085 29.1152 9999
118.085 29.1177 9999
118.085 29.1203 9999
118.085 29.1229 9999
118.085 29.1257 9999
118.085 29.1287 9999
118.085 29.1319 9999
118.085 29.1354 9999
118.085 29.1395 9999
118.085 29.1441 9999
118.085 29.1497 9999
118.085 29.1565 9999
118.085 29.165 9999
118.091 29.165 9999
118.099 29.155 9999
118.103 29.155 9999
118.107 29.155 9999
118.11 29.155 9999
118.114 29.155 9999

VALUE 0 117.988 29.2256 1.5 57 81.395 162.79
POLYGON 73
117.988 29.265 9999
117.991 29.265 9999
117.995 29.265 9999
117.998 29.265 9999
118.002 29.265 9999
118.005 29.2629 9999
118.005 29.2557 9999
118.008 29.255 9999
118.012 29.255 9999
118.017 29.255 9999
118.023 29.255 9999
118.03 29.255 9999
118.039 29.255 9999
118.051 29.255 9999
118.055 29.2501 9999
118.045 29.241 9999
118.045 29.2357 9999
118.045 29.2306 9999
118.045 29.2256 9999
118.045 29.2206 9999
118.045 29.2155 9999
118.035 29.2129 9999
118.035 29.2083 9999
118.035 29.2035 9999
118.035 29.1982 9999
118.035 29.1924 9999
118.035 29.1858 9999
118.035 29.1782 9999
118.03 29.175 9999
118.023 29.175 9999
118.017 29.175 9999
118.007 29.185 9999
118.002 29.185 9999
117.998 29.185 9999
117.993 29.195 9999
117.99 29.195 9999
117.988 29.195 9999
117.985 29.195 9999
117.982 29.195 9999
117.979 29.195 9999
117.976 29.195 9999
117.975 29.1986 9999
117.975 29.2038 9999
117.973 29.205 9999
117.97 29.205 9999
117.967 29.205 9999
117.963 29.205 9999
117.958 29.205 9999
117.952 29.205 9999
117.943 29.205 9999
117.931 29.205 9999
117.915 29.2061 9999
117.915 29.2128 9999
117.925 29.2201 9999
117.925 29.2256 9999
117.925 29.2311 9999
117.925 29.2366 9999
117.925 29.2424 9999
117.925 29.2484 9999
117.925 29.2548 9999
117.925 29.2617 9999
117.931 29.265 9999
117.941 29.265 9999
117.948 29.265 9999
117.955 29.265 9999
117.974 29.245 9999
117.976 29.245 9999
117.979 29.245 9999
117.981 29.245 9999
117.982 29.245 9999
117.984 29.245 9999
117.985 29.2553 9999
117.988 29.265 9999

VALUE 0 118.08 29.22 1.5 52.5 23.8794 47.7589
POLYGON 73
118.08 29.245 9999
118.082 29.245 9999
118.084 29.245 9999
118.086 29.245 9999
118.089 29.245 9999
118.091 29.245 9999
118.094 29.245 9999
118.097 29.245 9999
118.101 29.245 9999
118.105 29.245 9999
118.105 29.2414 9999
118.105 29.2378 9999
118.105 29.2347 9999
118.105 29.2319 9999
118.105 29.2293 9999
118.105 29.2268 9999
118.095 29.2227 9999
118.095 29.2214 9999
118.095 29.22 9999
118.095 29.2186 9999
118.095 29.2173 9999
118.095 29.2159 9999
118.095 29.2144 9999
118.095 29.2128 9999
118.095 29.2111 9999
118.095 29.2092 9999
118.095 29.207 9999
118.095 29.2045 9999
118.095 29.2016 9999
118.095 29.1979 9999
118.095 29.1932 9999
118.095 29.1868 9999
118.092 29.185 9999
118.089 29.185 9999
118.086 29.185 9999
118.083 29.185 9999
118.08 29.185 9999
118.076 29.185 9999
118.075 29.1942 9999
118.073 29.195 9999
118.07 29.195 9999
118.068 29.195 9999
118.065 29.195 9999
118.065 29.1992 9999
118.065 29.2027 9999
118.065 29.2055 9999
118.065 29.2078 9999
118.065 29.2098 9999
118.065 29.2116 9999
118.065 29.2132 9999
118.065 29.2147 9999
118.061 29.215 9999
118.055 29.2157 9999
118.055 29.2179 9999
118.055 29.22 9999
118.055 29.2221 9999
118.055 29.2243 9999
118.055 29.2266 9999
118.055 29.2289 9999
118.055 29.2314 9999
118.055 29.2342 9999
118.055 29.2372 9999
118.055 29.2406 9999
118.055 29.2445 9999
118.059 29.245 9999
118.062 29.245 9999
118.065 29.245 9999
118.068 29.245 9999
118.07 29.245 9999
118.073 29.245 9999
118.075 29.245 9999
118.077 29.245 9999
118.08 29.245 9999

VALUE 0 118.215 29.2987 1.5 40 32.5633 65.1265
POLYGON 73
118.215 29.325 9999
118.217 29.325 9999
118.219 29.325 9999
118.222 29.325 9999
118.224 29.325 9999
118.227 29.325 9999
118.23 29.325 9999
118.233 29.325 9999
118.237 29.325 9999
118.241 29.325 9999
118.245 29.3241 9999
118.245 29.3199 9999
118.245 29.3162 9999
118.245 29.3128 9999
118.245 29.3097 9999
118.245 29.3068 9999
118.245 29.304 9999
118.245 29.3013 9999
118.245 29.2987 9999
118.245 29.296 9999
118.235 29.295 9999
118.235 29.2932 9999
118.235 29.2913 9999
118.235 29.2892 9999
118.235 29.2869 9999
118.235 29.2844 9999
118.235 29.2816 9999
118.235 29.2783 9999
118.235 29.2744 9999
118.235 29.2696 9999
118.234 29.265 9999
118.23 29.265 9999
118.227 29.265 9999
118.224 29.265 9999
118.221 29.265 9999
118.218 29.265 9999
118.215 29.265 9999
118.212 29.265 9999
118.209 29.265 9999
118.206 29.265 9999
118.205 29.2721 9999
118.204 29.275 9999
118.201 29.275 9999
118.198 29.275 9999
118.195 29.2752 9999
118.195 29.279 9999
118.195 29.2822 9999
118.195 29.2849 9999
118.191 29.285 9999
118.185 29.285 9999
118.185 29.2879 9999
118.185 29.2907 9999
118.185 29.2934 9999
118.185 29.2961 9999
118.185 29.2987 9999
118.185 29.3013 9999
118.185 29.3039 9999
118.185 29.3066 9999
118.185 29.3095 9999
118.185 29.3125 9999
118.185 29.3158 9999
118.185 29.3194 9999
118.185 29.3236 9999
118.188 29.325 9999
118.193 29.325 9999
118.196 29.325 9999
118.199 29.325 9999
118.202 29.325 9999
118.205 29.325 9999
118.208 29.325 9999
118.21 29.325 9999
118.212 29.325 9999
118.215 29.325 9999

VALUE 0 118.615 29.315 1.5 47 26.054 52.108
POLYGON 73
118.615 29.335 9999
118.617 29.335 9999
118.619 29.335 9999
118.62 29.335 9999
118.622 29.335 9999
118.624 29.335 9999
118.627 29.335 9999
118.629 29.335 9999
118.632 29.335 9999
118.635 29.335 9999
118.639 29.335 9999
118.644 29.335 9999
118.645 29.3323 9999
118.645 29.329 9999
118.645 29.3259 9999
118.645 29.323 9999
118.645 29.3203 9999
118.645 29.3176 9999
118.645 29.315 9999
118.645 29.3124 9999
118.645 29.3097 9999
118.645 29.307 9999
118.645 29.3041 9999
118.645 29.301 9999
118.645 29.2977 9999
118.644 29.295 9999
118.639 29.295 9999
118.635 29.295 9999
118.632 29.295 9999
118.629 29.295 9999
118.627 29.295 9999
118.624 29.295 9999
118.622 29.295 9999
118.62 29.295 9999
118.619 29.295 9999
118.617 29.295 9999
118.615 29.295 9999
118.613 29.295 9999
118.611 29.295 9999
118.61 29.295 9999
118.608 29.295 9999
118.606 29.295 9999
118.603 29.295 9999
118.601 29.295 9999
118.598 29.295 9999
118.595 29.295 9999
118.591 29.295 9999
118.586 29.295 9999
118.585 29.2977 9999
118.585 29.301 9999
118.585 29.3041 9999
118.585 29.307 9999
118.585 29.3097 9999
118.585 29.3124 9999
118.585 29.315 9999
118.585 29.3176 9999
118.585 29.3203 9999
118.585 29.323 9999
118.585 29.3259 9999
118.585 29.329 9999
118.585 29.3323 9999
118.586 29.335 9999
118.591 29.335 9999
118.595 29.335 9999
118.598 29.335 9999
118.601 29.335 9999
118.603 29.335 9999
118.606 29.335 9999
118.608 29.335 9999
118.61 29.335 9999
118.611 29.335 9999
118.613 29.335 9999
118.615 29.335 9999

VALUE 0 118.442 29.588 1.5 52.5 109.599 219.198
POLYGON 73
118.442 29.645 9999
118.446 29.635 9999
118.45 29.635 9999
118.454 29.635 9999
118.455 29.625 9999
118.459 29.625 9999
118.469 29.635 9999
118.475 29.635 9999
118.481 29.635 9999
118.489 29.635 9999
118.498 29.635 9999
118.505 29.6324 9999
118.505 29.6246 9999
118.505 29.6175 9999
118.505 29.6111 9999
118.495 29.6023 9999
118.495 29.5974 9999
118.495 29.5927 9999
118.495 29.588 9999
118.495 29.5834 9999
118.495 29.5786 9999
118.495 29.5737 9999
118.495 29.5686 9999
118.495 29.5632 9999
118.495 29.5572 9999
118.495 29.5507 9999
118.495 29.5433 9999
118.495 29.5347 9999
118.495 29.525 9999
118.486 29.525 9999
118.478 29.525 9999
118.466 29.535 9999
118.461 29.535 9999
118.456 29.535 9999
118.442 29.588 9999
118.442 29.588 9999
118.442 29.588 9999
118.442 29.588 9999
118.432 29.535 9999
118.427 29.535 9999
118.422 29.535 9999
118.417 29.535 9999
118.411 29.535 9999
118.405 29.535 9999
118.397 29.535 9999
118.389 29.535 9999
118.385 29.5405 9999
118.385 29.5483 9999
118.385 29.5553 9999
118.385 29.5616 9999
118.385 29.5674 9999
118.385 29.5728 9999
118.385 29.578 9999
118.385 29.5831 9999
118.385 29.588 9999
118.385 29.593 9999
118.385 29.598 9999
118.385 29.6032 9999
118.385 29.6087 9999
118.385 29.6145 9999
118.395 29.615 9999
118.395 29.6207 9999
118.395 29.6272 9999
118.395 29.6347 9999
118.395 29.6437 9999
118.402 29.645 9999
118.409 29.645 9999
118.415 29.645 9999
118.421 29.645 9999
118.426 29.645 9999
118.432 29.645 9999
118.437 29.645 9999
118.442 29.645 9999

VALUE 0 119.198 29.7733 1.5 57.5 254.946 509.892
POLYGON 73
119.198 29.805 9999
119.201 29.805 9999
119.209 29.835 9999
119.217 29.845 9999
119.224 29.845 9999
119.236 29.855 9999
119.245 29.855 9999
119.255 29.855 9999
119.265 29.853 9999
119.265 29.8402 9999
119.265 29.8294 9999
119.265 29.8201 9999
119.27 29.815 9999
119.285 29.8138 9999
119.285 29.8049 9999
119.285 29.7966 9999
119.285 29.7886 9999
119.285 29.7809 9999
119.285 29.7733 9999
119.295 29.7648 9999
119.295 29.7562 9999
119.295 29.7474 9999
119.305 29.7344 9999
119.305 29.7235 9999
119.305 29.7116 9999
119.305 29.6985 9999
119.295 29.692 9999
119.286 29.685 9999
119.235 29.7294 9999
119.235 29.7207 9999
119.235 29.7094 9999
119.235 29.6942 9999
119.23 29.685 9999
119.222 29.685 9999
119.214 29.685 9999
119.206 29.685 9999
119.198 29.725 9999
119.194 29.725 9999
119.19 29.725 9999
119.183 29.715 9999
119.177 29.715 9999
119.171 29.715 9999
119.164 29.715 9999
119.157 29.715 9999
119.155 29.7219 9999
119.155 29.7302 9999
119.152 29.735 9999
119.115 29.715 9999
119.105 29.7196 9999
119.105 29.7299 9999
119.105 29.7394 9999
119.105 29.7484 9999
119.095 29.7551 9999
119.095 29.7643 9999
119.095 29.7733 9999
119.095 29.7823 9999
119.095 29.7915 9999
119.095 29.801 9999
119.095 29.8109 9999
119.085 29.8261 9999
119.091 29.835 9999
119.11 29.835 9999
119.125 29.835 9999
119.136 29.835 9999
119.146 29.835 9999
119.155 29.835 9999
119.163 29.835 9999
119.165 29.8444 9999
119.172 29.845 9999
119.179 29.845 9999
119.194 29.795 9999
119.195 29.805 9999
119.198 29.805 9999

VALUE 0 120.688 29.8473 1.5 48 382.801 765.601
POLYGON 73
120.688 29.935 9999
120.696 29.945 9999
120.708 29.965 9999
120.719 29.965 9999
120.731 29.965 9999
120.752 29.985 9999
120.765 29.9812 9999
120.775 29.972 9999
120.785 29.9633 9999
120.785 29.945 9999
120.795 29.9373 9999
120.813 29.935 9999
120.822 29.925 9999
120.825 29.9113 9999
120.835 29.9009 9999
120.845 29.8895 9999
120.805 29.868 9999
120.795 29.8567 9999
120.785 29.8473 9999
120.775 29.8397 9999
120.765 29.8337 9999
120.765 29.8266 9999
120.765 29.8192 9999
120.765 29.8113 9999
120.785 29.7912 9999
120.785 29.7792 9999
120.738 29.805 9999
120.73 29.805 9999
120.723 29.805 9999
120.717 29.805 9999
120.712 29.805 9999
120.707 29.805 9999
120.705 29.7999 9999
120.705 29.7829 9999
120.7 29.775 9999
120.695 29.765 9999
120.688 29.765 9999
120.68 29.755 9999
120.67 29.745 9999
120.663 29.755 9999
120.655 29.7574 9999
120.649 29.765 9999
120.64 29.765 9999
120.623 29.755 9999
120.602 29.745 9999
120.595 29.7546 9999
120.545 29.7276 9999
120.535 29.7404 9999
120.525 29.7534 9999
120.515 29.7668 9999
120.515 29.7845 9999
120.555 29.8118 9999
120.555 29.8239 9999
120.605 29.8401 9999
120.615 29.8473 9999
120.615 29.8537 9999
120.635 29.8566 9999
120.635 29.8615 9999
120.639 29.865 9999
120.645 29.8673 9999
120.645 29.872 9999
120.648 29.875 9999
120.655 29.875 9999
120.66 29.875 9999
120.665 29.875 9999
120.665 29.8798 9999
120.666 29.885 9999
120.67 29.885 9999
120.674 29.885 9999
120.675 29.8949 9999
120.675 29.9196 9999
120.68 29.935 9999
120.688 29.935 9999

VALUE 0 120.406 29.7789 1.5 44.5 29.3097 58.6193
POLYGON 73
120.406 29.805 9999
120.408 29.805 9999
120.41 29.805 9999
120.413 29.805 9999
120.415 29.805 9999
120.418 29.805 9999
120.421 29.805 9999
120.424 29.805 9999
120.425 29.8021 9999
120.425 29.7983 9999
120.425 29.7952 9999
120.429 29.795 9999
120.433 29.795 9999
120.435 29.7926 9999
120.435 29.7896 9999
120.435 29.7868 9999
120.435 29.7841 9999
120.435 29.7815 9999
120.435 29.7789 9999
120.435 29.7763 9999
120.445 29.7719 9999
120.445 29.7683 9999
120.444 29.765 9999
120.435 29.765 9999
120.43 29.765 9999
120.425 29.765 9999
120.425 29.7626 9999
120.425 29.7594 9999
120.425 29.7557 9999
120.422 29.755 9999
120.419 29.755 9999
120.417 29.755 9999
120.414 29.755 9999
120.412 29.755 9999
120.41 29.755 9999
120.408 29.755 9999
120.406 29.755 9999
120.403 29.755 9999
120.401 29.755 9999
120.399 29.755 9999
120.397 29.755 9999
120.394 29.755 9999
120.392 29.755 9999
120.389 29.755 9999
120.386 29.755 9999
120.385 29.7583 9999
120.385 29.7616 9999
120.385 29.7645 9999
120.382 29.765 9999
120.376 29.765 9999
120.375 29.7678 9999
120.375 29.7707 9999
120.375 29.7735 9999
120.365 29.7753 9999
120.365 29.7789 9999
120.365 29.7824 9999
120.371 29.785 9999
120.375 29.7871 9999
120.375 29.79 9999
120.375 29.7931 9999
120.378 29.795 9999
120.383 29.795 9999
120.386 29.795 9999
120.389 29.795 9999
120.392 29.795 9999
120.394 29.795 9999
120.395 29.7972 9999
120.395 29.8015 9999
120.396 29.805 9999
120.399 29.805 9999
120.401 29.805 9999
120.403 29.805 9999
120.406 29.805 9999

VALUE 0 119.329 29.8171 1.5 38.5 15.1935 30.387
POLYGON 73
119.329 29.845 9999
119.332 29.845 9999
119.334 29.845 9999
119.335 29.8385 9999
119.335 29.8329 9999
119.335 29.8294 9999
119.335 29.827 9999
119.335 29.8253 9999
119.335 29.824 9999
119.335 29.8229 9999
119.335 29.8219 9999
119.335 29.8211 9999
119.335 29.8204 9999
119.335 29.8198 9999
119.335 29.8192 9999
119.335 29.8187 9999
119.335 29.8182 9999
119.335 29.8176 9999
119.335 29.8171 9999
119.335 29.8166 9999
119.335 29.8161 9999
119.335 29.8156 9999
119.335 29.8151 9999
119.335 29.8145 9999
119.335 29.8138 9999
119.335 29.8131 9999
119.345 29.804 9999
119.345 29.8014 9999
119.345 29.7984 9999
119.345 29.7947 9999
119.345 29.7899 9999
119.345 29.7834 9999
119.345 29.774 9999
119.343 29.765 9999
119.338 29.765 9999
119.332 29.785 9999
119.329 29.785 9999
119.326 29.785 9999
119.325 29.7929 9999
119.325 29.8012 9999
119.325 29.8054 9999
119.325 29.808 9999
119.325 29.8097 9999
119.325 29.811 9999
119.325 29.812 9999
119.325 29.8129 9999
119.325 29.8135 9999
119.325 29.8141 9999
119.325 29.8147 9999
119.325 29.8151 9999
119.325 29.8156 9999
119.325 29.816 9999
119.325 29.8164 9999
119.325 29.8168 9999
119.325 29.8171 9999
119.325 29.8175 9999
119.325 29.8179 9999
119.325 29.8183 9999
119.325 29.8187 9999
119.325 29.8191 9999
119.325 29.8196 9999
119.325 29.8201 9999
119.325 29.8207 9999
119.325 29.8214 9999
119.325 29.8222 9999
119.315 29.8375 9999
119.305 29.8592 9999
119.307 29.865 9999
119.312 29.865 9999
119.316 29.865 9999
119.321 29.865 9999
119.327 29.845 9999
119.329 29.845 9999

VALUE 0 120.812 29.9865 1.5 43.5 46.6661 93.3322
POLYGON 73
120.812 30.015 9999
120.815 30.015 9999
120.817 30.015 9999
120.82 30.015 9999
120.822 30.015 9999
120.825 30.0142 9999
120.825 30.0089 9999
120.818 29.995 9999
120.819 29.995 9999
120.821 29.995 9999
120.822 29.995 9999
120.824 29.995 9999
120.827 29.995 9999
120.83 29.995 9999
120.835 29.9948 9999
120.835 29.9926 9999
120.835 29.9906 9999
120.835 29.9885 9999
120.835 29.9865 9999
120.845 29.9836 9999
120.845 29.9807 9999
120.845 29.9777 9999
120.855 29.9709 9999
120.865 29.9618 9999
120.875 29.9502 9999
120.875 29.9425 9999
120.873 29.935 9999
120.864 29.935 9999
120.855 29.935 9999
120.848 29.935 9999
120.842 29.935 9999
120.836 29.935 9999
120.82 29.965 9999
120.818 29.965 9999
120.816 29.965 9999
120.813 29.975 9999
120.812 29.975 9999
120.811 29.975 9999
120.81 29.975 9999
120.809 29.975 9999
120.808 29.975 9999
120.807 29.975 9999
120.805 29.975 9999
120.805 29.9764 9999
120.805 29.9781 9999
120.805 29.9794 9999
120.805 29.9806 9999
120.805 29.9815 9999
120.805 29.9824 9999
120.805 29.9832 9999
120.805 29.9839 9999
120.805 29.9846 9999
120.805 29.9853 9999
120.805 29.9859 9999
120.805 29.9865 9999
120.805 29.9871 9999
120.805 29.9878 9999
120.735 30.0072 9999
120.735 30.0146 9999
120.745 30.0178 9999
120.745 30.025 9999
120.757 30.025 9999
120.765 30.026 9999
120.765 30.0336 9999
120.771 30.035 9999
120.778 30.035 9999
120.784 30.035 9999
120.794 30.025 9999
120.802 30.015 9999
120.804 30.015 9999
120.807 30.015 9999
120.81 30.015 9999
120.812 30.015 9999

VALUE 0 117.905 29.9719 1.5 43 17.3682 34.7364
POLYGON 73
117.905 29.995 9999
117.907 29.995 9999
117.909 29.995 9999
117.911 29.995 9999
117.917 30.005 9999
117.92 30.005 9999
117.924 30.005 9999
117.925 30.0004 9999
117.925 29.9957 9999
117.925 29.9919 9999
117.925 29.9887 9999
117.925 29.9859 9999
117.925 29.9834 9999
117.925 29.9812 9999
117.925 29.9792 9999
117.925 29.9772 9999
117.925 29.9754 9999
117.915 29.9728 9999
117.915 29.9719 9999
117.915 29.971 9999
117.915 29.9701 9999
117.915 29.9692 9999
117.915 29.9682 9999
117.915 29.9672 9999
117.915 29.9661 9999
117.915 29.9649 9999
117.915 29.9635 9999
117.915 29.9619 9999
117.915 29.96 9999
117.915 29.9576 9999
117.915 29.9545 9999
117.915 29.9504 9999
117.915 29.945 9999
117.912 29.945 9999
117.91 29.945 9999
117.907 29.945 9999
117.905 29.945 9999
117.903 29.945 9999
117.9 29.945 9999
117.898 29.945 9999
117.895 29.945 9999
117.892 29.945 9999
117.889 29.945 9999
117.886 29.945 9999
117.885 29.948 9999
117.885 29.9519 9999
117.885 29.9551 9999
117.885 29.9579 9999
117.885 29.9603 9999
117.885 29.9626 9999
117.885 29.9646 9999
117.885 29.9665 9999
117.885 29.9683 9999
117.885 29.9701 9999
117.885 29.9719 9999
117.885 29.9736 9999
117.887 29.975 9999
117.893 29.975 9999
117.895 29.9755 9999
117.895 29.9765 9999
117.895 29.9776 9999
117.895 29.9789 9999
117.895 29.9803 9999
117.895 29.9819 9999
117.895 29.9838 9999
117.895 29.9862 9999
117.895 29.9892 9999
117.895 29.9933 9999
117.897 29.995 9999
117.899 29.995 9999
117.901 29.995 9999
117.903 29.995 9999
117.905 29.995 9999

VALUE 0 117.854 29.9888 1.5 45.5 28.2215 56.4429
POLYGON 73
117.854 30.015 9999
117.857 30.015 9999
117.859 30.015 9999
117.861 30.015 9999
117.864 30.015 9999
117.866 30.015 9999
117.869 30.015 9999
117.873 30.015 9999
117.876 30.015 9999
117.88 30.015 9999
117.885 30.0147 9999
117.885 30.0104 9999
117.885 30.0066 9999
117.885 30.0032 9999
117.885 30 9999
117.885 29.9971 9999
117.875 29.9925 9999
117.875 29.9907 9999
117.875 29.9888 9999
117.875 29.987 9999
117.875 29.9852 9999
117.875 29.9833 9999
117.875 29.9813 9999
117.875 29.9792 9999
117.875 29.9769 9999
117.875 29.9743 9999
117.875 29.9714 9999
117.875 29.9681 9999
117.874 29.965 9999
117.871 29.965 9999
117.868 29.965 9999
117.865 29.965 9999
117.865 29.9593 9999
117.863 29.955 9999
117.86 29.955 9999
117.857 29.955 9999
117.854 29.965 9999
117.852 29.965 9999
117.85 29.965 9999
117.848 29.965 9999
117.846 29.965 9999
117.843 29.965 9999
117.84 29.965 9999
117.838 29.965 9999
117.834 29.965 9999
117.83 29.965 9999
117.826 29.965 9999
117.825 29.9684 9999
117.825 29.972 9999
117.825 29.9752 9999
117.825 29.9782 9999
117.825 29.981 9999
117.825 29.9837 9999
117.825 29.9863 9999
117.825 29.9888 9999
117.825 29.9914 9999
117.825 29.994 9999
117.831 29.995 9999
117.835 29.9958 9999
117.835 29.9978 9999
117.835 29.9999 9999
117.835 30.0023 9999
117.835 30.005 9999
117.835 30.0081 9999
117.835 30.0118 9999
117.836 30.015 9999
117.839 30.015 9999
117.842 30.015 9999
117.845 30.015 9999
117.847 30.015 9999
117.85 30.015 9999
117.852 30.015 9999
117.854 30.015 9999

VALUE 0 118.435 30.1165 1.5 50.5 84.6178 169.236
POLYGON 73
118.435 30.175 9999
118.44 30.175 9999
118.446 30.175 9999
118.451 30.175 9999
118.455 30.1704 9999
118.455 30.1586 9999
118.455 30.1505 9999
118.455 30.1446 9999
118.455 30.1399 9999
118.455 30.1362 9999
118.455 30.133 9999
118.455 30.1303 9999
118.455 30.1279 9999
118.455 30.1257 9999
118.459 30.125 9999
118.467 30.125 9999
118.475 30.1235 9999
118.475 30.12 9999
118.475 30.1165 9999
118.485 30.1122 9999
118.485 30.1078 9999
118.485 30.1032 9999
118.485 30.0985 9999
118.485 30.0934 9999
118.485 30.0879 9999
118.485 30.0818 9999
118.485 30.0749 9999
118.485 30.0669 9999
118.485 30.0574 9999
118.485 30.0457 9999
118.485 30.0306 9999
118.478 30.025 9999
118.458 30.055 9999
118.449 30.065 9999
118.441 30.085 9999
118.438 30.085 9999
118.435 30.085 9999
118.433 30.085 9999
118.43 30.085 9999
118.427 30.085 9999
118.424 30.085 9999
118.421 30.085 9999
118.411 30.075 9999
118.406 30.075 9999
118.405 30.0803 9999
118.405 30.0862 9999
118.405 30.091 9999
118.405 30.0953 9999
118.405 30.099 9999
118.405 30.1024 9999
118.405 30.1055 9999
118.405 30.1084 9999
118.405 30.1112 9999
118.405 30.1139 9999
118.405 30.1165 9999
118.405 30.1192 9999
118.385 30.1254 9999
118.385 30.13 9999
118.375 30.1385 9999
118.375 30.1447 9999
118.375 30.1514 9999
118.375 30.1588 9999
118.375 30.1672 9999
118.375 30.1769 9999
118.378 30.185 9999
118.387 30.185 9999
118.407 30.165 9999
118.413 30.165 9999
118.425 30.1451 9999
118.425 30.1553 9999
118.425 30.175 9999
118.43 30.175 9999
118.435 30.175 9999

VALUE 0 118.813 30.0913 1.5 40 24.9645 49.9291
POLYGON 73
118.813 30.115 9999
118.815 30.115 9999
118.817 30.115 9999
118.819 30.115 9999
118.821 30.115 9999
118.824 30.115 9999
118.826 30.115 9999
118.829 30.115 9999
118.832 30.115 9999
118.835 30.1137 9999
118.835 30.1101 9999
118.835 30.107 9999
118.835 30.1042 9999
118.835 30.1017 9999
118.835 30.0995 9999
118.835 30.0973 9999
118.835 30.0953 9999
118.835 30.0933 9999
118.835 30.0913 9999
118.835 30.0893 9999
118.835 30.0874 9999
118.835 30.0853 9999
118.835 30.0832 9999
118.835 30.0809 9999
118.835 30.0784 9999
118.835 30.0756 9999
118.835 30.0725 9999
118.835 30.0689 9999
118.835 30.065 9999
118.831 30.065 9999
118.828 30.065 9999
118.825 30.065 9999
118.822 30.065 9999
118.82 30.065 9999
118.817 30.065 9999
118.815 30.065 9999
118.813 30.065 9999
118.81 30.065 9999
118.808 30.065 9999
118.803 30.055 9999
118.799 30.055 9999
118.796 30.055 9999
118.795 30.0608 9999
118.795 30.0662 9999
118.795 30.0703 9999
118.795 30.0737 9999
118.795 30.0765 9999
118.795 30.079 9999
118.795 30.0811 9999
118.795 30.0831 9999
118.795 30.0849 9999
118.795 30.0866 9999
118.795 30.0882 9999
118.795 30.0898 9999
118.795 30.0913 9999
118.795 30.0928 9999
118.795 30.0944 9999
118.795 30.096 9999
118.795 30.0977 9999
118.795 30.0995 9999
118.795 30.1015 9999
118.795 30.1036 9999
118.795 30.1061 9999
118.785 30.1189 9999
118.785 30.1242 9999
118.789 30.125 9999
118.793 30.125 9999
118.797 30.125 9999
118.8 30.125 9999
118.804 30.125 9999
118.808 30.115 9999
118.811 30.115 9999
118.813 30.115 9999

VALUE 0 118.861 30.1053 1.5 40 16.2806 32.5612
POLYGON 73
118.861 30.135 9999
118.864 30.135 9999
118.865 30.1261 9999
118.867 30.125 9999
118.868 30.125 9999
118.871 30.125 9999
118.873 30.125 9999
118.875 30.1249 9999
118.875 30.1216 9999
118.875 30.119 9999
118.875 30.1168 9999
118.875 30.1149 9999
118.875 30.1132 9999
118.875 30.1117 9999
118.875 30.1103 9999
118.875 30.109 9999
118.875 30.1077 9999
118.875 30.1065 9999
118.875 30.1053 9999
118.875 30.1041 9999
118.875 30.1029 9999
118.875 30.1017 9999
118.875 30.1004 9999
118.875 30.099 9999
118.875 30.0974 9999
118.875 30.0958 9999
118.875 30.0939 9999
118.875 30.0917 9999
118.875 30.089 9999
118.875 30.0858 9999
118.875 30.0817 9999
118.875 30.076 9999
118.875 30.0678 9999
118.872 30.065 9999
118.868 30.065 9999
118.864 30.075 9999
118.861 30.075 9999
118.859 30.075 9999
118.856 30.075 9999
118.855 30.0817 9999
118.855 30.0879 9999
118.855 30.0918 9999
118.855 30.0944 9999
118.855 30.0963 9999
118.855 30.0978 9999
118.855 30.099 9999
118.855 30.1 9999
118.855 30.1009 9999
118.855 30.1017 9999
118.855 30.1024 9999
118.855 30.103 9999
118.855 30.1036 9999
118.855 30.1042 9999
118.855 30.1048 9999
118.855 30.1053 9999
118.855 30.1059 9999
118.855 30.1064 9999
118.855 30.107 9999
118.855 30.1076 9999
118.855 30.1083 9999
118.855 30.109 9999
118.845 30.1168 9999
118.835 30.1274 9999
118.835 30.1317 9999
118.836 30.135 9999
118.841 30.135 9999
118.844 30.135 9999
118.848 30.135 9999
118.851 30.135 9999
118.853 30.135 9999
118.856 30.135 9999
118.859 30.135 9999
118.861 30.135 9999

VALUE 0 117.846 30.1952 1.5 47.5 150.795 301.59
POLYGON 73
117.846 30.255 9999
117.851 30.255 9999
117.855 30.2476 9999
117.856 30.235 9999
117.86 30.235 9999
117.864 30.235 9999
117.869 30.235 9999
117.874 30.235 9999
117.875 30.23 9999
117.886 30.235 9999
117.893 30.235 9999
117.903 30.235 9999
117.905 30.2294 9999
117.91 30.225 9999
117.915 30.2204 9999
117.92 30.215 9999
117.935 30.2109 9999
117.955 30.2047 9999
117.955 30.1952 9999
117.945 30.1865 9999
117.945 30.1777 9999
117.945 30.1686 9999
117.935 30.1627 9999
117.935 30.1536 9999
117.935 30.1437 9999
117.932 30.135 9999
117.925 30.1287 9999
117.925 30.1159 9999
117.921 30.105 9999
117.902 30.115 9999
117.881 30.135 9999
117.874 30.135 9999
117.868 30.135 9999
117.859 30.145 9999
117.855 30.1427 9999
117.851 30.135 9999
117.846 30.135 9999
117.844 30.175 9999
117.842 30.175 9999
117.84 30.175 9999
117.838 30.175 9999
117.836 30.175 9999
117.835 30.1766 9999
117.835 30.1798 9999
117.835 30.1824 9999
117.835 30.1844 9999
117.822 30.175 9999
117.817 30.175 9999
117.815 30.1774 9999
117.815 30.1808 9999
117.815 30.184 9999
117.815 30.1869 9999
117.815 30.1898 9999
117.815 30.1925 9999
117.755 30.1952 9999
117.725 30.2057 9999
117.705 30.22 9999
117.695 30.2356 9999
117.705 30.2464 9999
117.705 30.2608 9999
117.759 30.245 9999
117.789 30.235 9999
117.81 30.225 9999
117.826 30.215 9999
117.829 30.215 9999
117.832 30.215 9999
117.834 30.215 9999
117.835 30.2182 9999
117.835 30.2247 9999
117.835 30.235 9999
117.839 30.235 9999
117.842 30.235 9999
117.846 30.255 9999

VALUE 0 118.077 30.1601 1.5 59 86.8176 173.635
POLYGON 73
118.077 30.215 9999
118.082 30.215 9999
118.085 30.2069 9999
118.089 30.205 9999
118.093 30.205 9999
118.098 30.205 9999
118.103 30.205 9999
118.108 30.205 9999
118.114 30.205 9999
118.122 30.205 9999
118.125 30.2006 9999
118.125 30.1939 9999
118.125 30.188 9999
118.125 30.1826 9999
118.125 30.1777 9999
118.125 30.1731 9999
118.125 30.1686 9999
118.115 30.1635 9999
118.115 30.1601 9999
118.115 30.1568 9999
118.115 30.1534 9999
118.115 30.1499 9999
118.115 30.1462 9999
118.115 30.1423 9999
118.115 30.138 9999
118.115 30.1333 9999
118.115 30.128 9999
118.112 30.125 9999
118.106 30.125 9999
118.105 30.1198 9999
118.105 30.1112 9999
118.102 30.105 9999
118.097 30.105 9999
118.092 30.105 9999
118.086 30.105 9999
118.081 30.115 9999
118.077 30.115 9999
118.073 30.115 9999
118.069 30.115 9999
118.065 30.115 9999
118.06 30.115 9999
118.056 30.115 9999
118.051 30.115 9999
118.045 30.115 9999
118.039 30.115 9999
118.032 30.115 9999
118.025 30.1167 9999
118.025 30.1239 9999
118.025 30.1302 9999
118.025 30.136 9999
118.025 30.1413 9999
118.035 30.1489 9999
118.035 30.1528 9999
118.035 30.1565 9999
118.035 30.1601 9999
118.035 30.1638 9999
118.035 30.1675 9999
118.035 30.1713 9999
118.036 30.175 9999
118.045 30.175 9999
118.045 30.1785 9999
118.045 30.1824 9999
118.045 30.1868 9999
118.045 30.1919 9999
118.045 30.198 9999
118.045 30.205 9999
118.051 30.205 9999
118.055 30.2068 9999
118.057 30.215 9999
118.062 30.215 9999
118.067 30.215 9999
118.072 30.215 9999
118.077 30.215 9999

VALUE 0 118.149 30.1576 1.5 44.5 18.4509 36.9019
POLYGON 73
118.149 30.185 9999
118.151 30.185 9999
118.155 30.195 9999
118.159 30.195 9999
118.162 30.195 9999
118.165 30.1923 9999
118.165 30.1857 9999
118.165 30.1807 9999
118.165 30.1769 9999
118.165 30.1738 9999
118.165 30.1712 9999
118.165 30.169 9999
118.165 30.167 9999
118.165 30.1652 9999
118.165 30.1635 9999
118.165 30.162 9999
118.165 30.1605 9999
118.165 30.1591 9999
118.165 30.1576 9999
118.165 30.1562 9999
118.164 30.155 9999
118.159 30.155 9999
118.156 30.155 9999
118.155 30.1548 9999
118.155 30.1541 9999
118.155 30.1533 9999
118.155 30.1525 9999
118.155 30.1515 9999
118.155 30.1503 9999
118.155 30.1488 9999
118.155 30.147 9999
118.155 30.1444 9999
118.155 30.1407 9999
118.155 30.1346 9999
118.155 30.1226 9999
118.153 30.115 9999
118.149 30.115 9999
118.145 30.115 9999
118.143 30.125 9999
118.14 30.125 9999
118.137 30.125 9999
118.135 30.128 9999
118.135 30.1337 9999
118.135 30.1379 9999
118.135 30.1412 9999
118.135 30.1438 9999
118.135 30.146 9999
118.135 30.148 9999
118.135 30.1497 9999
118.135 30.1512 9999
118.135 30.1526 9999
118.135 30.1539 9999
118.135 30.1552 9999
118.135 30.1564 9999
118.135 30.1576 9999
118.135 30.1589 9999
118.135 30.1601 9999
118.135 30.1614 9999
118.135 30.1627 9999
118.135 30.1641 9999
118.135 30.1656 9999
118.135 30.1673 9999
118.135 30.1692 9999
118.135 30.1715 9999
118.135 30.1741 9999
118.135 30.1774 9999
118.135 30.1816 9999
118.136 30.185 9999
118.139 30.185 9999
118.141 30.185 9999
118.144 30.185 9999
118.146 30.185 9999
118.149 30.185 9999

VALUE 0 118.001 30.1763 1.5 45 29.3048 58.6096
POLYGON 73
118.001 30.205 9999
118.003 30.205 9999
118.006 30.205 9999
118.008 30.205 9999
118.011 30.205 9999
118.014 30.205 9999
118.017 30.205 9999
118.021 30.205 9999
118.025 30.205 9999
118.029 30.205 9999
118.035 30.205 9999
118.035 30.2003 9999
118.035 30.1961 9999
118.035 30.1923 9999
118.035 30.1888 9999
118.035 30.1855 9999
118.025 30.1806 9999
118.025 30.1784 9999
118.025 30.1763 9999
118.016 30.175 9999
118.015 30.1738 9999
118.015 30.1725 9999
118.015 30.1711 9999
118.015 30.1696 9999
118.015 30.1681 9999
118.015 30.1663 9999
118.015 30.1643 9999
118.015 30.162 9999
118.015 30.1593 9999
118.015 30.1559 9999
118.015 30.1516 9999
118.015 30.1457 9999
118.012 30.145 9999
118.009 30.145 9999
118.006 30.145 9999
118.003 30.145 9999
118.001 30.145 9999
117.998 30.145 9999
117.995 30.145 9999
117.992 30.145 9999
117.989 30.145 9999
117.981 30.135 9999
117.977 30.135 9999
117.975 30.1395 9999
117.975 30.1456 9999
117.975 30.1506 9999
117.975 30.1547 9999
117.985 30.1653 9999
117.985 30.1672 9999
117.985 30.169 9999
117.985 30.1706 9999
117.985 30.1721 9999
117.985 30.1735 9999
117.985 30.1749 9999
117.975 30.1763 9999
117.975 30.1785 9999
117.975 30.1808 9999
117.965 30.1859 9999
117.965 30.1893 9999
117.965 30.193 9999
117.968 30.195 9999
117.974 30.195 9999
117.978 30.195 9999
117.982 30.195 9999
117.985 30.195 9999
117.988 30.195 9999
117.99 30.195 9999
117.992 30.195 9999
117.994 30.195 9999
117.995 30.1977 9999
117.996 30.205 9999
117.998 30.205 9999
118.001 30.205 9999

VALUE 0 118.945 30.3075 1.5 41 17.3689 34.7378
POLYGON 73
118.945 30.325 9999
118.947 30.325 9999
118.948 30.325 9999
118.95 30.325 9999
118.951 30.325 9999
118.953 30.325 9999
118.955 30.325 9999
118.957 30.325 9999
118.96 30.325 9999
118.963 30.325 9999
118.965 30.3243 9999
118.965 30.3215 9999
118.965 30.319 9999
118.965 30.3168 9999
118.965 30.3148 9999
118.965 30.3129 9999
118.965 30.311 9999
118.965 30.3093 9999
118.965 30.3075 9999
118.965 30.3057 9999
118.965 30.304 9999
118.965 30.3021 9999
118.965 30.3002 9999
118.965 30.2982 9999
118.965 30.296 9999
118.965 30.2935 9999
118.965 30.2907 9999
118.965 30.2875 9999
118.964 30.285 9999
118.961 30.285 9999
118.958 30.285 9999
118.955 30.285 9999
118.953 30.285 9999
118.951 30.285 9999
118.949 30.285 9999
118.947 30.285 9999
118.945 30.285 9999
118.943 30.285 9999
118.941 30.285 9999
118.939 30.285 9999
118.937 30.285 9999
118.935 30.2861 9999
118.935 30.2902 9999
118.935 30.2932 9999
118.935 30.295 9999
118.933 30.295 9999
118.93 30.295 9999
118.927 30.295 9999
118.925 30.296 9999
118.925 30.2982 9999
118.925 30.3002 9999
118.925 30.3021 9999
118.925 30.304 9999
118.925 30.3058 9999
118.925 30.3075 9999
118.925 30.3092 9999
118.925 30.311 9999
118.925 30.3129 9999
118.925 30.3148 9999
118.925 30.3168 9999
118.925 30.319 9999
118.925 30.3215 9999
118.925 30.3243 9999
118.925 30.3275 9999
118.925 30.3313 9999
118.926 30.335 9999
118.929 30.335 9999
118.932 30.335 9999
118.935 30.335 9999
118.94 30.325 9999
118.942 30.325 9999
118.943 30.325 9999
118.945 30.325 9999

VALUE 0 117.638 30.3256 1.5 48 17.3676 34.7352
POLYGON 73
117.638 30.355 9999
117.641 30.355 9999
117.643 30.355 9999
117.645 30.3513 9999
117.645 30.345 9999
117.647 30.345 9999
117.649 30.345 9999
117.652 30.345 9999
117.654 30.345 9999
117.658 30.345 9999
117.661 30.345 9999
117.665 30.3444 9999
117.665 30.3411 9999
117.665 30.3382 9999
117.665 30.3354 9999
117.655 30.3301 9999
117.655 30.3286 9999
117.655 30.3271 9999
117.655 30.3256 9999
117.655 30.3241 9999
117.655 30.3226 9999
117.655 30.3211 9999
117.655 30.3195 9999
117.655 30.3178 9999
117.655 30.3159 9999
117.653 30.315 9999
117.651 30.315 9999
117.649 30.315 9999
117.647 30.315 9999
117.646 30.315 9999
117.645 30.3137 9999
117.645 30.3109 9999
117.645 30.3067 9999
117.645 30.3 9999
117.644 30.295 9999
117.641 30.295 9999
117.638 30.295 9999
117.635 30.295 9999
117.634 30.305 9999
117.633 30.305 9999
117.631 30.305 9999
117.629 30.305 9999
117.626 30.305 9999
117.624 30.305 9999
117.621 30.305 9999
117.618 30.305 9999
117.615 30.3062 9999
117.615 30.3094 9999
117.615 30.3123 9999
117.615 30.3148 9999
117.615 30.3172 9999
117.615 30.3194 9999
117.615 30.3215 9999
117.615 30.3236 9999
117.625 30.3256 9999
117.625 30.3268 9999
117.625 30.3279 9999
117.625 30.3291 9999
117.625 30.3304 9999
117.625 30.3317 9999
117.625 30.3332 9999
117.625 30.3348 9999
117.625 30.3366 9999
117.625 30.3388 9999
117.625 30.3413 9999
117.625 30.3444 9999
117.627 30.345 9999
117.629 30.345 9999
117.631 30.345 9999
117.633 30.345 9999
117.635 30.345 9999
117.636 30.355 9999
117.638 30.355 9999

VALUE 0 118.27 30.353 1.5 49.5 21.71 43.42
POLYGON 73
118.27 30.375 9999
118.272 30.375 9999
118.274 30.375 9999
118.276 30.375 9999
118.278 30.375 9999
118.28 30.375 9999
118.283 30.375 9999
118.285 30.375 9999
118.288 30.375 9999
118.292 30.375 9999
118.295 30.374 9999
118.295 30.3705 9999
118.295 30.3674 9999
118.295 30.3647 9999
118.295 30.3621 9999
118.295 30.3597 9999
118.295 30.3574 9999
118.295 30.3552 9999
118.295 30.353 9999
118.295 30.3508 9999
118.295 30.3486 9999
118.295 30.3463 9999
118.295 30.3439 9999
118.295 30.3413 9999
118.295 30.3386 9999
118.295 30.3355 9999
118.291 30.335 9999
118.288 30.335 9999
118.285 30.335 9999
118.283 30.335 9999
118.28 30.335 9999
118.278 30.335 9999
118.277 30.335 9999
118.275 30.335 9999
118.273 30.335 9999
118.272 30.335 9999
118.27 30.335 9999
118.268 30.335 9999
118.267 30.335 9999
118.265 30.335 9999
118.263 30.335 9999
118.262 30.335 9999
118.254 30.325 9999
118.25 30.325 9999
118.247 30.325 9999
118.245 30.328 9999
118.245 30.332 9999
118.245 30.3355 9999
118.245 30.3386 9999
118.245 30.3413 9999
118.245 30.3439 9999
118.245 30.3463 9999
118.245 30.3486 9999
118.245 30.3508 9999
118.245 30.353 9999
118.245 30.3552 9999
118.245 30.3574 9999
118.245 30.3597 9999
118.245 30.3621 9999
118.245 30.3647 9999
118.249 30.365 9999
118.253 30.365 9999
118.255 30.3656 9999
118.255 30.368 9999
118.255 30.3709 9999
118.255 30.3744 9999
118.257 30.375 9999
118.26 30.375 9999
118.262 30.375 9999
118.264 30.375 9999
118.266 30.375 9999
118.268 30.375 9999
118.27 30.375 9999

VALUE 0 116.183 30.6939 1.5 50 24.9663 49.9326
POLYGON 73
116.183 30.725 9999
116.185 30.725 9999
116.188 30.725 9999
116.191 30.725 9999
116.194 30.725 9999
116.195 30.7205 9999
116.195 30.7154 9999
116.195 30.7116 9999
116.195 30.7087 9999
116.195 30.7063 9999
116.196 30.705 9999
116.198 30.705 9999
116.202 30.705 9999
116.205 30.7044 9999
116.205 30.7021 9999
116.205 30.6999 9999
116.205 30.6979 9999
116.205 30.6959 9999
116.215 30.6939 9999
116.215 30.6911 9999
116.215 30.6882 9999
116.215 30.6852 9999
116.207 30.685 9999
116.205 30.6835 9999
116.205 30.681 9999
116.205 30.6782 9999
116.205 30.6751 9999
116.202 30.675 9999
116.198 30.675 9999
116.196 30.675 9999
116.195 30.6724 9999
116.195 30.6673 9999
116.193 30.665 9999
116.19 30.665 9999
116.188 30.665 9999
116.185 30.665 9999
116.183 30.665 9999
116.18 30.665 9999
116.178 30.665 9999
116.175 30.665 9999
116.172 30.665 9999
116.169 30.665 9999
116.166 30.665 9999
116.165 30.6688 9999
116.165 30.6729 9999
116.165 30.6763 9999
116.165 30.6791 9999
116.165 30.6816 9999
116.165 30.6837 9999
116.165 30.6857 9999
116.165 30.6875 9999
116.165 30.6892 9999
116.165 30.6908 9999
116.165 30.6924 9999
116.165 30.6939 9999
116.155 30.6963 9999
116.155 30.6988 9999
116.155 30.7013 9999
116.155 30.704 9999
116.155 30.7068 9999
116.155 30.7099 9999
116.155 30.7132 9999
116.157 30.715 9999
116.162 30.715 9999
116.165 30.715 9999
116.168 30.715 9999
116.17 30.715 9999
116.173 30.715 9999
116.175 30.715 9999
116.175 30.7223 9999
116.177 30.725 9999
116.18 30.725 9999
116.183 30.725 9999

VALUE 0 115.869 30.9071 1.5 38 15.1979 30.3957
POLYGON 73
115.869 30.925 9999
115.871 30.925 9999
115.872 30.925 9999
115.874 30.925 9999
115.876 30.925 9999
115.878 30.925 9999
115.88 30.925 9999
115.882 30.925 9999
115.884 30.925 9999
115.887 30.925 9999
115.891 30.925 9999
115.895 30.925 9999
115.895 30.922 9999
115.895 30.9191 9999
115.895 30.9165 9999
115.895 30.914 9999
115.895 30.9117 9999
115.895 30.9094 9999
115.895 30.9071 9999
115.894 30.905 9999
115.885 30.9044 9999
115.885 30.9029 9999
115.885 30.9014 9999
115.885 30.8998 9999
115.885 30.8981 9999
115.885 30.8961 9999
115.884 30.895 9999
115.881 30.895 9999
115.879 30.895 9999
115.878 30.895 9999
115.876 30.895 9999
115.875 30.895 9999
115.874 30.895 9999
115.873 30.895 9999
115.871 30.895 9999
115.87 30.895 9999
115.869 30.895 9999
115.868 30.895 9999
115.867 30.895 9999
115.863 30.885 9999
115.861 30.885 9999
115.859 30.885 9999
115.856 30.885 9999
115.854 30.885 9999
115.851 30.885 9999
115.847 30.885 9999
115.845 30.8868 9999
115.845 30.8901 9999
115.845 30.8931 9999
115.845 30.8958 9999
115.845 30.8983 9999
115.845 30.9006 9999
115.845 30.9029 9999
115.855 30.9059 9999
115.855 30.9071 9999
115.855 30.9084 9999
115.855 30.9097 9999
115.855 30.911 9999
115.855 30.9123 9999
115.855 30.9138 9999
115.855 30.9154 9999
115.855 30.9171 9999
115.855 30.9191 9999
115.855 30.9214 9999
115.855 30.9242 9999
115.857 30.925 9999
115.859 30.925 9999
115.861 30.925 9999
115.863 30.925 9999
115.865 30.925 9999
115.866 30.925 9999
115.868 30.925 9999
115.869 30.925 9999

VALUE 0 115.914 31.3013 1.5 42 181.178 362.356
POLYGON 73
115.914 31.365 9999
115.92 31.375 9999
115.927 31.375 9999
115.934 31.375 9999
115.941 31.375 9999
115.948 31.375 9999
115.957 31.375 9999
115.966 31.375 9999
115.975 31.374 9999
115.975 31.3623 9999
115.942 31.325 9999
115.962 31.335 9999
115.965 31.3307 9999
115.965 31.3251 9999
115.979 31.325 9999
115.985 31.3203 9999
115.992 31.315 9999
115.995 31.3083 9999
116.005 31.3013 9999
115.985 31.295 9999
115.985 31.2887 9999
115.975 31.2849 9999
115.975 31.279 9999
115.985 31.2681 9999
115.985 31.2602 9999
115.985 31.2515 9999
115.981 31.245 9999
115.97 31.245 9999
115.965 31.2404 9999
115.96 31.235 9999
115.952 31.235 9999
115.945 31.235 9999
115.938 31.235 9999
115.934 31.225 9999
115.927 31.225 9999
115.921 31.225 9999
115.914 31.215 9999
115.906 31.215 9999
115.899 31.215 9999
115.895 31.2305 9999
115.89 31.235 9999
115.885 31.2392 9999
115.885 31.2511 9999
115.885 31.2599 9999
115.884 31.265 9999
115.878 31.265 9999
115.875 31.2686 9999
115.875 31.274 9999
115.875 31.2788 9999
115.875 31.2831 9999
115.869 31.285 9999
115.865 31.2881 9999
115.822 31.285 9999
115.815 31.2926 9999
115.795 31.3013 9999
115.825 31.309 9999
115.835 31.3152 9999
115.835 31.3224 9999
115.835 31.33 9999
115.835 31.3381 9999
115.838 31.345 9999
115.845 31.3495 9999
115.85 31.355 9999
115.86 31.355 9999
115.869 31.355 9999
115.876 31.355 9999
115.883 31.355 9999
115.885 31.3633 9999
115.891 31.365 9999
115.897 31.365 9999
115.903 31.365 9999
115.908 31.365 9999
115.914 31.365 9999

VALUE 0 121.258 31.3261 1.5 56 195.291 390.583
POLYGON 73
121.258 31.385 9999
121.263 31.385 9999
121.269 31.385 9999
121.274 31.385 9999
121.28 31.385 9999
121.286 31.385 9999
121.292 31.385 9999
121.3 31.385 9999
121.308 31.385 9999
121.315 31.3828 9999
121.317 31.375 9999
121.328 31.375 9999
121.335 31.3704 9999
121.342 31.365 9999
121.345 31.3576 9999
121.335 31.3466 9999
121.309 31.335 9999
121.315 31.331 9999
121.315 31.3261 9999
121.345 31.3185 9999
121.335 31.3125 9999
121.335 31.3055 9999
121.335 31.2981 9999
121.325 31.2949 9999
121.325 31.2875 9999
121.317 31.285 9999
121.315 31.2785 9999
121.315 31.2693 9999
121.315 31.2585 9999
121.308 31.255 9999
121.305 31.2451 9999
121.296 31.245 9999
121.288 31.245 9999
121.28 31.245 9999
121.271 31.255 9999
121.264 31.255 9999
121.258 31.255 9999
121.253 31.265 9999
121.248 31.265 9999
121.242 31.265 9999
121.236 31.265 9999
121.234 31.275 9999
121.229 31.275 9999
121.223 31.275 9999
121.215 31.275 9999
121.207 31.275 9999
121.205 31.2814 9999
121.2 31.285 9999
121.187 31.285 9999
121.175 31.2872 9999
121.175 31.2957 9999
121.175 31.3037 9999
121.175 31.3114 9999
121.195 31.3205 9999
121.185 31.3261 9999
121.185 31.3325 9999
121.175 31.3407 9999
121.185 31.3457 9999
121.185 31.3527 9999
121.185 31.3602 9999
121.191 31.365 9999
121.195 31.3704 9999
121.2 31.375 9999
121.205 31.3793 9999
121.205 31.3895 9999
121.205 31.4021 9999
121.213 31.405 9999
121.221 31.405 9999
121.23 31.405 9999
121.24 31.395 9999
121.246 31.395 9999
121.252 31.395 9999
121.258 31.385 9999

VALUE 0 120.871 31.4568 1.5 45.5 109.6 219.201
POLYGON 73
120.871 31.515 9999
120.876 31.515 9999
120.882 31.515 9999
120.885 31.5076 9999
120.889 31.505 9999
120.894 31.505 9999
120.899 31.505 9999
120.905 31.5048 9999
120.905 31.4969 9999
120.91 31.495 9999
120.917 31.495 9999
120.926 31.495 9999
120.935 31.4936 9999
120.935 31.4865 9999
120.949 31.485 9999
120.965 31.4819 9999
120.918 31.465 9999
120.925 31.4615 9999
120.925 31.4568 9999
120.935 31.4513 9999
120.935 31.4456 9999
120.935 31.4398 9999
120.935 31.4337 9999
120.935 31.4272 9999
120.935 31.4201 9999
120.931 31.415 9999
120.909 31.425 9999
120.903 31.425 9999
120.898 31.425 9999
120.887 31.435 9999
120.885 31.4333 9999
120.895 31.4062 9999
120.894 31.395 9999
120.888 31.395 9999
120.882 31.395 9999
120.877 31.395 9999
120.871 31.395 9999
120.866 31.395 9999
120.862 31.405 9999
120.858 31.405 9999
120.853 31.405 9999
120.847 31.405 9999
120.845 31.4111 9999
120.842 31.415 9999
120.836 31.415 9999
120.83 31.415 9999
120.822 31.415 9999
120.815 31.4173 9999
120.815 31.4243 9999
120.815 31.4305 9999
120.825 31.4399 9999
120.825 31.4444 9999
120.825 31.4487 9999
120.825 31.4528 9999
120.825 31.4568 9999
120.825 31.4609 9999
120.785 31.4721 9999
120.795 31.4773 9999
120.795 31.4846 9999
120.805 31.4878 9999
120.805 31.4952 9999
120.805 31.5033 9999
120.814 31.505 9999
120.843 31.485 9999
120.848 31.485 9999
120.852 31.485 9999
120.861 31.475 9999
120.845 31.5134 9999
120.85 31.515 9999
120.856 31.515 9999
120.861 31.515 9999
120.866 31.515 9999
120.871 31.515 9999

VALUE 0 121.281 31.4159 1.5 42.5 23.8826 47.7653
POLYGON 73
121.281 31.425 9999
121.282 31.425 9999
121.283 31.425 9999
121.284 31.425 9999
121.285 31.425 9999
121.286 31.425 9999
121.287 31.425 9999
121.288 31.425 9999
121.289 31.425 9999
121.29 31.425 9999
121.292 31.425 9999
121.294 31.425 9999
121.297 31.425 9999
121.301 31.425 9999
121.305 31.4245 9999
121.305 31.4222 9999
121.305 31.4201 9999
121.305 31.418 9999
121.305 31.4159 9999
121.325 31.4121 9999
121.325 31.4082 9999
121.325 31.4042 9999
121.325 31.4 9999
121.325 31.3956 9999
121.318 31.395 9999
121.311 31.395 9999
121.306 31.395 9999
121.302 31.395 9999
121.299 31.395 9999
121.296 31.395 9999
121.293 31.395 9999
121.291 31.395 9999
121.289 31.395 9999
121.287 31.395 9999
121.285 31.395 9999
121.283 31.395 9999
121.281 31.395 9999
121.28 31.395 9999
121.278 31.395 9999
121.276 31.395 9999
121.275 31.3984 9999
121.275 31.4023 9999
121.275 31.4049 9999
121.274 31.405 9999
121.272 31.405 9999
121.27 31.405 9999
121.268 31.405 9999
121.266 31.405 9999
121.265 31.4065 9999
121.265 31.4083 9999
121.265 31.41 9999
121.265 31.4115 9999
121.265 31.413 9999
121.265 31.4145 9999
121.245 31.4159 9999
121.245 31.4191 9999
121.245 31.4223 9999
121.245 31.4257 9999
121.245 31.4291 9999
121.235 31.4375 9999
121.235 31.4427 9999
121.24 31.445 9999
121.247 31.445 9999
121.252 31.445 9999
121.265 31.435 9999
121.268 31.435 9999
121.27 31.435 9999
121.272 31.435 9999
121.274 31.435 9999
121.279 31.425 9999
121.28 31.425 9999
121.281 31.425 9999
121.281 31.425 9999

VALUE 0 115.885 31.5567 1.5 44.5 16.2835 32.567
POLYGON 73
115.885 31.575 9999
115.887 31.575 9999
115.889 31.575 9999
115.89 31.575 9999
115.892 31.575 9999
115.894 31.575 9999
115.896 31.575 9999
115.898 31.575 9999
115.901 31.575 9999
115.904 31.575 9999
115.905 31.5732 9999
115.905 31.5704 9999
115.905 31.568 9999
115.905 31.5658 9999
115.908 31.565 9999
115.916 31.565 9999
115.925 31.5637 9999
115.925 31.5601 9999
115.925 31.5567 9999
115.905 31.5549 9999
115.905 31.5532 9999
115.905 31.5514 9999
115.905 31.5495 9999
115.905 31.5475 9999
115.905 31.5453 9999
115.902 31.545 9999
115.899 31.545 9999
115.897 31.545 9999
115.895 31.545 9999
115.894 31.545 9999
115.892 31.545 9999
115.891 31.545 9999
115.89 31.545 9999
115.888 31.545 9999
115.887 31.545 9999
115.886 31.545 9999
115.885 31.545 9999
115.884 31.545 9999
115.883 31.545 9999
115.882 31.545 9999
115.881 31.545 9999
115.88 31.545 9999
115.879 31.545 9999
115.877 31.545 9999
115.876 31.545 9999
115.864 31.535 9999
115.86 31.535 9999
115.855 31.5354 9999
115.855 31.5392 9999
115.855 31.5425 9999
115.855 31.5456 9999
115.855 31.5485 9999
115.855 31.5513 9999
115.855 31.554 9999
115.855 31.5567 9999
115.855 31.5593 9999
115.855 31.562 9999
115.855 31.5648 9999
115.862 31.565 9999
115.867 31.565 9999
115.871 31.565 9999
115.873 31.565 9999
115.875 31.565 9999
115.877 31.565 9999
115.878 31.565 9999
115.88 31.565 9999
115.881 31.565 9999
115.881 31.565 9999
115.882 31.565 9999
115.883 31.565 9999
115.884 31.565 9999
115.885 31.565 9999
115.885 31.575 9999

VALUE 0 115.864 31.6034 1.5 44.5 41.2449 82.4899
POLYGON 73
115.864 31.625 9999
115.867 31.635 9999
115.87 31.635 9999
115.873 31.635 9999
115.876 31.635 9999
115.879 31.635 9999
115.883 31.635 9999
115.887 31.635 9999
115.891 31.635 9999
115.896 31.635 9999
115.902 31.635 9999
115.905 31.6318 9999
115.905 31.6268 9999
115.905 31.6223 9999
115.905 31.6182 9999
115.905 31.6143 9999
115.905 31.6106 9999
115.905 31.607 9999
115.905 31.6034 9999
115.905 31.5999 9999
115.905 31.5963 9999
115.896 31.595 9999
115.895 31.5923 9999
115.895 31.5892 9999
115.895 31.5858 9999
115.891 31.585 9999
115.886 31.585 9999
115.883 31.585 9999
115.88 31.585 9999
115.877 31.585 9999
115.875 31.585 9999
115.873 31.585 9999
115.871 31.585 9999
115.869 31.585 9999
115.868 31.585 9999
115.866 31.585 9999
115.864 31.575 9999
115.862 31.575 9999
115.859 31.575 9999
115.857 31.575 9999
115.854 31.575 9999
115.851 31.575 9999
115.848 31.575 9999
115.845 31.575 9999
115.841 31.575 9999
115.836 31.575 9999
115.819 31.565 9999
115.815 31.5688 9999
115.815 31.5749 9999
115.815 31.5804 9999
115.825 31.5891 9999
115.825 31.5928 9999
115.835 31.5982 9999
115.835 31.6008 9999
115.835 31.6034 9999
115.835 31.606 9999
115.835 31.6086 9999
115.835 31.6113 9999
115.835 31.6142 9999
115.835 31.6172 9999
115.835 31.6204 9999
115.835 31.6241 9999
115.839 31.625 9999
115.843 31.625 9999
115.846 31.625 9999
115.849 31.625 9999
115.852 31.625 9999
115.854 31.625 9999
115.857 31.625 9999
115.859 31.625 9999
115.861 31.625 9999
115.863 31.625 9999
115.864 31.625 9999

VALUE 0 115.548 31.779 1.5 36.5 31.4807 62.9615
POLYGON 73
115.548 31.805 9999
115.55 31.805 9999
115.553 31.805 9999
115.555 31.805 9999
115.557 31.805 9999
115.56 31.805 9999
115.563 31.805 9999
115.566 31.805 9999
115.57 31.805 9999
115.574 31.805 9999
115.575 31.8017 9999
115.575 31.7979 9999
115.575 31.7946 9999
115.575 31.7916 9999
115.575 31.7888 9999
115.575 31.7862 9999
115.582 31.785 9999
115.585 31.7822 9999
115.585 31.779 9999
115.585 31.7757 9999
115.585 31.7724 9999
115.585 31.769 9999
115.585 31.7655 9999
115.578 31.765 9999
115.572 31.765 9999
115.568 31.765 9999
115.565 31.7646 9999
115.565 31.7619 9999
115.565 31.7586 9999
115.565 31.755 9999
115.562 31.755 9999
115.559 31.755 9999
115.557 31.755 9999
115.554 31.755 9999
115.552 31.755 9999
115.55 31.755 9999
115.548 31.755 9999
115.546 31.755 9999
115.544 31.755 9999
115.542 31.755 9999
115.539 31.755 9999
115.537 31.755 9999
115.534 31.755 9999
115.531 31.755 9999
115.528 31.755 9999
115.524 31.755 9999
115.519 31.755 9999
115.515 31.7559 9999
115.515 31.76 9999
115.515 31.7636 9999
115.515 31.767 9999
115.515 31.7701 9999
115.515 31.7732 9999
115.515 31.7761 9999
115.515 31.779 9999
115.515 31.7818 9999
115.515 31.7848 9999
115.515 31.7878 9999
115.515 31.791 9999
115.515 31.7943 9999
115.52 31.795 9999
115.525 31.795 9999
115.529 31.795 9999
115.532 31.795 9999
115.534 31.795 9999
115.535 31.7974 9999
115.535 31.8014 9999
115.536 31.805 9999
115.538 31.805 9999
115.541 31.805 9999
115.543 31.805 9999
115.546 31.805 9999
115.548 31.805 9999

VALUE 0 120.675 31.99 1.51331 44 19.5415 31.4835
POLYGON 73
120.675 32.005 9999
120.676 32.005 9999
120.678 32.005 9999
120.679 32.005 9999
120.68 32.005 9999
120.682 32.005 9999
120.684 32.005 9999
120.686 32.005 9999
120.688 32.005 9999
120.69 32.005 9999
120.693 32.005 9999
120.695 32.004 9999
120.695 32.0015 9999
120.695 31.9993 9999
120.695 31.9973 9999
120.695 31.9954 9999
120.703 31.995 9999
120.725 31.9944 9999
120.725 31.99 9999
120.725 31.9856 9999
120.725 31.9812 9999
120.725 31.9766 9999
120.716 31.975 9999
120.707 31.975 9999
120.701 31.975 9999
120.696 31.975 9999
120.681 31.985 9999
120.68 31.985 9999
120.679 31.985 9999
120.679 31.985 9999
120.678 31.985 9999
120.677 31.985 9999
120.677 31.985 9999
120.676 31.985 9999
120.676 31.985 9999
120.675 31.985 9999
120.675 31.985 9999
120.675 31.985 9999
120.674 31.985 9999
120.674 31.985 9999
120.673 31.985 9999
120.673 31.985 9999
120.672 31.985 9999
120.672 31.985 9999
120.671 31.985 9999
120.67 31.985 9999
120.669 31.985 9999
120.668 31.985 9999
120.666 31.985 9999
120.664 31.985 9999
120.661 31.985 9999
120.656 31.985 9999
120.647 31.985 9999
120.618 31.985 9999
120.605 31.99 9999
120.618 31.995 9999
120.647 31.995 9999
120.656 31.995 9999
120.661 31.995 9999
120.664 31.995 9999
120.665 31.9958 9999
120.665 31.997 9999
120.665 31.9984 9999
120.665 32 9999
120.665 32.0019 9999
120.665 32.0043 9999
120.666 32.005 9999
120.668 32.005 9999
120.67 32.005 9999
120.671 32.005 9999
120.672 32.005 9999
120.674 32.005 9999
120.675 32.005 9999

VALUE 0 120.615 32.2674 1.44415 58.5 2148 4064.19
POLYGON 73
120.615 32.415 9999
120.628 32.415 9999
120.641 32.415 9999
120.655 32.415 9999
120.651 32.365 9999
120.661 32.365 9999
120.672 32.365 9999
120.675 32.3528 9999
120.664 32.325 9999
120.665 32.3172 9999
120.743 32.375 9999
120.769 32.375 9999
120.802 32.375 9999
120.846 32.375 9999
120.938 32.385 9999
121.015 32.3745 9999
121.025 32.3396 9999
121.035 32.3041 9999
121.035 32.2674 9999
121.045 32.2297 9999
121.025 32.1951 9999
120.925 32.1843 9999
120.924 32.155 9999
120.856 32.155 9999
120.81 32.155 9999
120.776 32.155 9999
120.775 32.1332 9999
120.758 32.125 9999
120.743 32.115 9999
120.729 32.105 9999
120.735 32.0598 9999
120.733 32.015 9999
120.707 32.015 9999
120.683 32.015 9999
120.66 32.015 9999
120.637 32.015 9999
120.615 32.025 9999
120.594 32.025 9999
120.572 32.025 9999
120.55 32.025 9999
120.527 32.025 9999
120.505 32.0311 9999
120.493 32.055 9999
120.487 32.085 9999
120.485 32.1122 9999
120.505 32.1572 9999
120.529 32.195 9999
120.525 32.2042 9999
120.575 32.2442 9999
120.246 32.095 9999
120.195 32.1144 9999
120.195 32.1548 9999
120.195 32.1933 9999
120.205 32.2315 9999
120.215 32.2674 9999
120.235 32.3006 9999
120.225 32.3362 9999
120.225 32.3719 9999
120.235 32.4057 9999
120.277 32.425 9999
120.342 32.425 9999
120.355 32.4495 9999
120.365 32.4773 9999
120.368 32.515 9999
120.385 32.5417 9999
120.407 32.565 9999
120.438 32.575 9999
120.467 32.585 9999
120.565 32.405 9999
120.578 32.405 9999
120.591 32.405 9999
120.602 32.415 9999
120.615 32.415 9999

VALUE 0 119.942 32.5315 1.45858 54.5 113.951 195.344
POLYGON 73
119.942 32.585 9999
119.947 32.585 9999
119.952 32.585 9999
119.959 32.595 9999
119.966 32.595 9999
119.972 32.595 9999
119.975 32.5879 9999
119.973 32.575 9999
119.979 32.575 9999
119.985 32.574 9999
119.985 32.5672 9999
119.99 32.565 9999
119.995 32.5618 9999
119.995 32.556 9999
120.005 32.5543 9999
120.005 32.5483 9999
120.015 32.5443 9999
120.015 32.5379 9999
120.015 32.5315 9999
120.015 32.5252 9999
120.005 32.5205 9999
120.004 32.515 9999
119.988 32.515 9999
120.015 32.4977 9999
120.006 32.495 9999
119.995 32.495 9999
119.986 32.495 9999
119.979 32.495 9999
119.973 32.495 9999
119.968 32.495 9999
119.965 32.4925 9999
119.964 32.485 9999
119.959 32.485 9999
119.955 32.485 9999
119.951 32.485 9999
119.947 32.485 9999
119.942 32.485 9999
119.938 32.485 9999
119.933 32.475 9999
119.927 32.475 9999
119.922 32.475 9999
119.916 32.475 9999
119.91 32.475 9999
119.903 32.475 9999
119.895 32.475 9999
119.895 32.484 9999
119.895 32.4917 9999
119.89 32.495 9999
119.885 32.4983 9999
119.885 32.5047 9999
119.885 32.5106 9999
119.885 32.5161 9999
119.885 32.5214 9999
119.885 32.5265 9999
119.885 32.5315 9999
119.885 32.5366 9999
119.885 32.5417 9999
119.875 32.5496 9999
119.875 32.5561 9999
119.875 32.563 9999
119.884 32.565 9999
119.905 32.5578 9999
119.905 32.563 9999
119.905 32.569 9999
119.906 32.575 9999
119.912 32.575 9999
119.917 32.575 9999
119.922 32.575 9999
119.925 32.5795 9999
119.928 32.585 9999
119.933 32.585 9999
119.938 32.585 9999
119.942 32.585 9999

VALUE 0 120.023 32.7848 1.41367 49.5 765.026 1431.44
POLYGON 73
120.023 32.965 9999
120.04 32.975 9999
120.058 32.985 9999
120.079 32.995 9999
120.092 32.975 9999
120.105 32.9605 9999
120.115 32.9441 9999
120.128 32.935 9999
120.145 32.9301 9999
120.145 32.9068 9999
120.165 32.9039 9999
120.152 32.875 9999
120.197 32.885 9999
120.225 32.879 9999
120.235 32.862 9999
120.245 32.8443 9999
120.245 32.824 9999
120.245 32.8043 9999
120.215 32.7848 9999
120.205 32.7689 9999
120.215 32.751 9999
120.172 32.745 9999
120.16 32.735 9999
120.145 32.728 9999
120.127 32.725 9999
120.123 32.715 9999
120.106 32.715 9999
120.103 32.705 9999
120.09 32.705 9999
120.079 32.705 9999
120.075 32.695 9999
120.065 32.695 9999
120.056 32.695 9999
120.047 32.695 9999
120.035 32.715 9999
120.03 32.705 9999
120.023 32.705 9999
120.016 32.705 9999
120.013 32.725 9999
120.007 32.725 9999
120.001 32.725 9999
119.995 32.725 9999
119.96 32.675 9999
119.946 32.675 9999
119.914 32.655 9999
119.893 32.655 9999
119.785 32.585 9999
119.735 32.5831 9999
119.729 32.615 9999
119.765 32.6645 9999
119.785 32.6982 9999
119.815 32.7291 9999
119.825 32.7499 9999
119.985 32.7815 9999
119.985 32.7848 9999
119.995 32.7873 9999
119.995 32.7898 9999
119.985 32.795 9999
119.965 32.806 9999
119.965 32.8119 9999
119.945 32.8299 9999
119.951 32.835 9999
119.955 32.842 9999
119.963 32.845 9999
119.973 32.845 9999
119.975 32.8535 9999
119.983 32.855 9999
119.99 32.855 9999
119.995 32.862 9999
120.002 32.865 9999
120.007 32.875 9999
120.008 32.955 9999
120.023 32.965 9999

VALUE 0 119.648 32.6567 1.45577 50.5 39.0765 62.9565
POLYGON 73
119.648 32.675 9999
119.649 32.675 9999
119.651 32.675 9999
119.655 32.685 9999
119.658 32.685 9999
119.666 32.695 9999
119.67 32.695 9999
119.675 32.695 9999
119.68 32.695 9999
119.685 32.6939 9999
119.685 32.6879 9999
119.685 32.6827 9999
119.685 32.6782 9999
119.685 32.674 9999
119.685 32.6702 9999
119.685 32.6666 9999
119.685 32.6632 9999
119.685 32.6599 9999
119.685 32.6567 9999
119.685 32.6534 9999
119.685 32.6501 9999
119.685 32.6467 9999
119.68 32.645 9999
119.675 32.644 9999
119.675 32.6409 9999
119.675 32.6376 9999
119.674 32.635 9999
119.669 32.635 9999
119.666 32.635 9999
119.663 32.635 9999
119.66 32.635 9999
119.658 32.635 9999
119.656 32.635 9999
119.654 32.635 9999
119.652 32.635 9999
119.65 32.635 9999
119.648 32.635 9999
119.646 32.635 9999
119.642 32.625 9999
119.639 32.625 9999
119.636 32.625 9999
119.633 32.625 9999
119.63 32.625 9999
119.626 32.625 9999
119.621 32.625 9999
119.616 32.625 9999
119.61 32.625 9999
119.605 32.6267 9999
119.605 32.632 9999
119.605 32.6367 9999
119.605 32.6411 9999
119.605 32.6452 9999
119.605 32.6491 9999
119.605 32.6529 9999
119.605 32.6567 9999
119.605 32.6604 9999
119.605 32.6642 9999
119.617 32.665 9999
119.625 32.665 9999
119.625 32.6673 9999
119.625 32.6698 9999
119.625 32.6726 9999
119.626 32.675 9999
119.629 32.675 9999
119.632 32.675 9999
119.635 32.675 9999
119.637 32.675 9999
119.639 32.675 9999
119.641 32.675 9999
119.643 32.675 9999
119.645 32.675 9999
119.646 32.675 9999
119.648 32.675 9999

VALUE 0 120.706 32.7728 1.46213 54 1391.09 2754
POLYGON 73
120.706 32.935 9999
120.72 32.935 9999
120.737 32.945 9999
120.755 32.955 9999
120.772 32.955 9999
120.796 32.965 9999
120.829 32.985 9999
120.862 32.995 9999
120.859 32.955 9999
120.908 32.975 9999
120.935 32.9648 9999
120.952 32.945 9999
120.965 32.9222 9999
120.785 32.8095 9999
120.785 32.8015 9999
121.013 32.855 9999
121.005 32.8255 9999
121.005 32.7989 9999
121.015 32.7728 9999
121.035 32.744 9999
121.045 32.713 9999
121.055 32.6793 9999
121.002 32.665 9999
120.959 32.655 9999
120.789 32.725 9999
120.795 32.7106 9999
120.795 32.6983 9999
120.805 32.674 9999
120.805 32.655 9999
120.789 32.655 9999
120.78 32.645 9999
120.766 32.645 9999
120.753 32.645 9999
120.74 32.645 9999
120.729 32.645 9999
120.717 32.645 9999
120.706 32.645 9999
120.694 32.635 9999
120.682 32.635 9999
120.669 32.635 9999
120.663 32.655 9999
120.651 32.655 9999
120.632 32.645 9999
120.617 32.645 9999
120.599 32.645 9999
120.578 32.645 9999
120.542 32.635 9999
120.505 32.6319 9999
120.485 32.645 9999
120.389 32.625 9999
120.328 32.635 9999
120.305 32.6653 9999
120.405 32.7197 9999
120.425 32.7482 9999
120.425 32.7728 9999
120.425 32.7974 9999
120.465 32.8153 9999
120.495 32.8294 9999
120.535 32.835 9999
120.551 32.845 9999
120.575 32.8485 9999
120.589 32.855 9999
120.596 32.865 9999
120.614 32.865 9999
120.625 32.8695 9999
120.635 32.875 9999
120.647 32.875 9999
120.655 32.8825 9999
120.665 32.885 9999
120.675 32.8891 9999
120.685 32.895 9999
120.695 32.895 9999
120.706 32.935 9999

VALUE 0 119.597 32.7736 1.27946 51 30.3912 51.0138
POLYGON 73
119.597 32.805 9999
119.6 32.805 9999
119.603 32.805 9999
119.606 32.805 9999
119.609 32.805 9999
119.612 32.805 9999
119.615 32.805 9999
119.619 32.805 9999
119.624 32.805 9999
119.629 32.805 9999
119.635 32.805 9999
119.635 32.8001 9999
119.635 32.7954 9999
119.622 32.785 9999
119.629 32.785 9999
119.64 32.785 9999
119.645 32.782 9999
119.645 32.7778 9999
119.625 32.7736 9999
119.625 32.7711 9999
119.625 32.7687 9999
119.625 32.7661 9999
119.621 32.765 9999
119.616 32.765 9999
119.612 32.765 9999
119.609 32.765 9999
119.607 32.765 9999
119.606 32.765 9999
119.605 32.7642 9999
119.605 32.7623 9999
119.605 32.76 9999
119.605 32.7567 9999
119.604 32.755 9999
119.602 32.755 9999
119.6 32.755 9999
119.599 32.755 9999
119.597 32.755 9999
119.594 32.735 9999
119.59 32.735 9999
119.587 32.735 9999
119.585 32.7402 9999
119.584 32.745 9999
119.581 32.745 9999
119.577 32.745 9999
119.573 32.745 9999
119.569 32.745 9999
119.565 32.7466 9999
119.565 32.7511 9999
119.565 32.755 9999
119.557 32.755 9999
119.555 32.7582 9999
119.555 32.7623 9999
119.565 32.7679 9999
119.565 32.7708 9999
119.565 32.7736 9999
119.575 32.7755 9999
119.575 32.7775 9999
119.575 32.7795 9999
119.575 32.7816 9999
119.575 32.7839 9999
119.577 32.785 9999
119.581 32.785 9999
119.584 32.785 9999
119.585 32.7857 9999
119.585 32.788 9999
119.585 32.7909 9999
119.585 32.7946 9999
119.587 32.795 9999
119.589 32.795 9999
119.591 32.795 9999
119.593 32.795 9999
119.595 32.7981 9999
119.597 32.805 9999

VALUE 0 119.696 32.9263 1.44761 50 312.315 575.831
POLYGON 73
119.696 32.995 9999
119.702 32.995 9999
119.71 33.005 9999
119.719 33.015 9999
119.732 33.025 9999
119.742 33.025 9999
119.758 33.035 9999
119.765 33.0253 9999
119.77 33.015 9999
119.784 33.015 9999
119.795 33.0096 9999
119.751 32.965 9999
119.763 32.965 9999
119.765 32.9586 9999
119.747 32.945 9999
119.765 32.9449 9999
119.765 32.9385 9999
119.775 32.9332 9999
119.775 32.9263 9999
119.795 32.9176 9999
119.795 32.9088 9999
119.815 32.8943 9999
119.809 32.885 9999
119.805 32.8753 9999
119.815 32.8574 9999
119.797 32.855 9999
119.793 32.845 9999
119.795 32.8269 9999
119.781 32.825 9999
119.767 32.825 9999
119.76 32.815 9999
119.752 32.805 9999
119.743 32.795 9999
119.725 32.815 9999
119.715 32.815 9999
119.703 32.845 9999
119.696 32.845 9999
119.691 32.875 9999
119.687 32.875 9999
119.687 32.895 9999
119.684 32.895 9999
119.681 32.895 9999
119.678 32.895 9999
119.675 32.8968 9999
119.675 32.9017 9999
119.675 32.9056 9999
119.675 32.9089 9999
119.675 32.9118 9999
119.641 32.895 9999
119.635 32.898 9999
119.635 32.9042 9999
119.616 32.905 9999
119.605 32.9103 9999
119.585 32.9166 9999
119.535 32.9263 9999
119.535 32.9403 9999
119.533 32.955 9999
119.545 32.9667 9999
119.575 32.9702 9999
119.585 32.9779 9999
119.585 32.9902 9999
119.595 32.9968 9999
119.602 33.005 9999
119.627 32.995 9999
119.646 32.985 9999
119.655 32.985 9999
119.656 32.995 9999
119.664 32.995 9999
119.667 33.005 9999
119.675 33.005 9999
119.68 33.015 9999
119.688 33.015 9999
119.696 32.995 9999

VALUE 0 120.915 32.869 1.5 36 54.2719 108.544
POLYGON 73
120.915 32.895 9999
120.917 32.895 9999
120.92 32.895 9999
120.922 32.895 9999
120.925 32.895 9999
120.927 32.895 9999
120.93 32.895 9999
120.933 32.895 9999
120.945 32.905 9999
120.951 32.905 9999
120.958 32.905 9999
120.965 32.9039 9999
120.965 32.8978 9999
120.9