VectorData v1.0
METADATA{
        filedescrible=TITAN风暴识别,date=2016-07-07,time=07:36:00,record=533,coord=GEO,dimension=3,invaild=9999
}
TAB{
        keyName=时效,质心x,质心y,质心z,最大反射率因子,投影面积,体积
        keyType=int,float,float,float,float,float,float

}
DATA BEGIN
VALUE 0 117.673 29.096 1.5 36 16.2805 32.561
POLYGON 73
117.673 29.125 9999
117.676 29.125 9999
117.678 29.125 9999
117.681 29.125 9999
117.684 29.125 9999
117.687 29.125 9999
117.69 29.125 9999
117.694 29.125 9999
117.695 29.1218 9999
117.695 29.1177 9999
117.685 29.1058 9999
117.685 29.1042 9999
117.685 29.1027 9999
117.685 29.1014 9999
117.685 29.1002 9999
117.685 29.0991 9999
117.685 29.0981 9999
117.685 29.097 9999
117.685 29.096 9999
117.685 29.095 9999
117.685 29.0939 9999
117.685 29.0929 9999
117.685 29.0918 9999
117.685 29.0906 9999
117.685 29.0893 9999
117.685 29.0878 9999
117.685 29.0862 9999
117.685 29.0843 9999
117.685 29.0821 9999
117.685 29.0793 9999
117.685 29.0758 9999
117.683 29.075 9999
117.681 29.075 9999
117.679 29.075 9999
117.677 29.075 9999
117.675 29.075 9999
117.673 29.055 9999
117.67 29.055 9999
117.666 29.055 9999
117.665 29.0649 9999
117.665 29.0731 9999
117.665 29.0781 9999
117.665 29.0816 9999
117.665 29.0841 9999
117.664 29.085 9999
117.662 29.085 9999
117.66 29.085 9999
117.658 29.085 9999
117.655 29.0854 9999
117.655 29.0875 9999
117.655 29.0893 9999
117.655 29.0911 9999
117.655 29.0928 9999
117.655 29.0944 9999
117.655 29.096 9999
117.655 29.0976 9999
117.655 29.0992 9999
117.655 29.1009 9999
117.655 29.1027 9999
117.655 29.1045 9999
117.658 29.105 9999
117.66 29.105 9999
117.663 29.105 9999
117.664 29.105 9999
117.665 29.1059 9999
117.665 29.1079 9999
117.665 29.1104 9999
117.665 29.1139 9999
117.665 29.1189 9999
117.666 29.125 9999
117.668 29.125 9999
117.671 29.125 9999
117.673 29.125 9999

VALUE 0 118.034 29.155 1.5 50.5 104.176 208.353
POLYGON 73
118.034 29.195 9999
118.038 29.205 9999
118.043 29.205 9999
118.045 29.1958 9999
118.049 29.195 9999
118.053 29.195 9999
118.057 29.195 9999
118.062 29.195 9999
118.068 29.195 9999
118.074 29.195 9999
118.082 29.195 9999
118.091 29.195 9999
118.095 29.1902 9999
118.095 29.1834 9999
118.095 29.1772 9999
118.085 29.1686 9999
118.085 29.164 9999
118.085 29.1595 9999
118.085 29.155 9999
118.085 29.1505 9999
118.085 29.146 9999
118.085 29.1414 9999
118.085 29.1365 9999
118.085 29.1312 9999
118.085 29.1256 9999
118.085 29.1193 9999
118.082 29.115 9999
118.075 29.1141 9999
118.075 29.1062 9999
118.075 29.0965 9999
118.069 29.095 9999
118.062 29.095 9999
118.056 29.095 9999
118.05 29.095 9999
118.045 29.095 9999
118.039 29.095 9999
118.034 29.105 9999
118.03 29.105 9999
118.025 29.105 9999
118.021 29.105 9999
118.016 29.105 9999
118.015 29.1141 9999
118.015 29.122 9999
118.02 29.135 9999
118.017 29.135 9999
118.014 29.135 9999
118.01 29.135 9999
118.006 29.135 9999
117.999 29.135 9999
117.991 29.135 9999
117.985 29.1371 9999
117.985 29.1419 9999
117.977 29.145 9999
117.965 29.149 9999
117.965 29.155 9999
117.965 29.161 9999
117.965 29.1672 9999
117.965 29.1735 9999
117.975 29.1765 9999
117.975 29.1825 9999
117.975 29.1891 9999
117.975 29.1964 9999
117.975 29.2046 9999
117.984 29.205 9999
117.992 29.205 9999
118.006 29.195 9999
118.011 29.195 9999
118.015 29.195 9999
118.02 29.195 9999
118.023 29.195 9999
118.027 29.195 9999
118.031 29.195 9999
118.034 29.195 9999

VALUE 0 118.144 29.1543 1.5 38 22.7931 45.5861
POLYGON 73
118.144 29.185 9999
118.147 29.195 9999
118.151 29.195 9999
118.155 29.195 9999
118.159 29.195 9999
118.163 29.195 9999
118.165 29.191 9999
118.165 29.1845 9999
118.165 29.1795 9999
118.165 29.1755 9999
118.155 29.1637 9999
118.155 29.1621 9999
118.155 29.1607 9999
118.155 29.1595 9999
118.155 29.1584 9999
118.155 29.1573 9999
118.155 29.1563 9999
118.155 29.1553 9999
118.155 29.1543 9999
118.155 29.1533 9999
118.155 29.1523 9999
118.155 29.1513 9999
118.155 29.1502 9999
118.155 29.1491 9999
118.155 29.1478 9999
118.155 29.1465 9999
118.155 29.1449 9999
118.155 29.1431 9999
118.155 29.141 9999
118.155 29.1383 9999
118.155 29.1349 9999
118.155 29.1303 9999
118.155 29.1235 9999
118.154 29.115 9999
118.151 29.115 9999
118.147 29.115 9999
118.144 29.115 9999
118.14 29.115 9999
118.137 29.115 9999
118.135 29.1214 9999
118.133 29.125 9999
118.13 29.125 9999
118.127 29.125 9999
118.125 29.1274 9999
118.125 29.1319 9999
118.125 29.1355 9999
118.125 29.1385 9999
118.125 29.1411 9999
118.125 29.1434 9999
118.125 29.1455 9999
118.125 29.1474 9999
118.125 29.1492 9999
118.125 29.151 9999
118.125 29.1526 9999
118.125 29.1543 9999
118.125 29.1559 9999
118.125 29.1576 9999
118.125 29.1593 9999
118.125 29.1611 9999
118.125 29.1631 9999
118.125 29.165 9999
118.129 29.165 9999
118.131 29.165 9999
118.133 29.165 9999
118.135 29.165 9999
118.135 29.1669 9999
118.135 29.1695 9999
118.135 29.1732 9999
118.135 29.1785 9999
118.136 29.185 9999
118.138 29.185 9999
118.141 29.185 9999
118.144 29.185 9999

VALUE 0 118.414 29.605 1.5 49.5 43.4151 86.8301
POLYGON 73
118.414 29.645 9999
118.417 29.645 9999
118.421 29.645 9999
118.424 29.645 9999
118.428 29.645 9999
118.432 29.645 9999
118.437 29.645 9999
118.442 29.645 9999
118.445 29.6422 9999
118.445 29.6363 9999
118.445 29.6312 9999
118.445 29.6269 9999
118.445 29.623 9999
118.445 29.6196 9999
118.445 29.6164 9999
118.435 29.6107 9999
118.435 29.6087 9999
118.435 29.6069 9999
118.435 29.605 9999
118.435 29.6031 9999
118.435 29.6013 9999
118.435 29.5993 9999
118.435 29.5973 9999
118.435 29.5951 9999
118.435 29.5927 9999
118.435 29.5901 9999
118.435 29.5872 9999
118.435 29.5837 9999
118.435 29.5797 9999
118.435 29.5746 9999
118.435 29.5682 9999
118.432 29.565 9999
118.428 29.565 9999
118.424 29.565 9999
118.421 29.565 9999
118.417 29.565 9999
118.414 29.565 9999
118.41 29.565 9999
118.407 29.565 9999
118.403 29.565 9999
118.399 29.565 9999
118.395 29.565 9999
118.391 29.565 9999
118.386 29.565 9999
118.385 29.5707 9999
118.385 29.5763 9999
118.385 29.5809 9999
118.385 29.5849 9999
118.385 29.5884 9999
118.385 29.5916 9999
118.385 29.5945 9999
118.385 29.5973 9999
118.385 29.5999 9999
118.385 29.6025 9999
118.385 29.605 9999
118.385 29.6075 9999
118.385 29.6101 9999
118.385 29.6127 9999
118.386 29.615 9999
118.392 29.615 9999
118.395 29.6158 9999
118.395 29.6181 9999
118.395 29.6207 9999
118.395 29.6237 9999
118.395 29.6273 9999
118.395 29.6318 9999
118.395 29.6375 9999
118.395 29.645 9999
118.399 29.645 9999
118.403 29.645 9999
118.407 29.645 9999
118.41 29.645 9999
118.414 29.645 9999

VALUE 0 119.258 29.7783 1.5 50 269.062 538.125
POLYGON 73
119.258 29.835 9999
119.263 29.835 9999
119.268 29.835 9999
119.273 29.835 9999
119.275 29.825 9999
119.28 29.825 9999
119.291 29.835 9999
119.298 29.835 9999
119.306 29.835 9999
119.315 29.835 9999
119.326 29.835 9999
119.339 29.835 9999
119.356 29.835 9999
119.38 29.835 9999
119.385 29.8245 9999
119.385 29.8123 9999
119.395 29.8025 9999
119.395 29.7903 9999
119.395 29.7783 9999
119.345 29.7707 9999
119.355 29.7612 9999
119.355 29.7523 9999
119.355 29.743 9999
119.365 29.7284 9999
119.365 29.7166 9999
119.355 29.7104 9999
119.345 29.705 9999
119.295 29.7414 9999
119.295 29.7343 9999
119.295 29.7256 9999
119.295 29.7143 9999
119.292 29.705 9999
119.285 29.705 9999
119.278 29.705 9999
119.271 29.705 9999
119.265 29.699 9999
119.258 29.695 9999
119.253 29.725 9999
119.249 29.725 9999
119.241 29.715 9999
119.235 29.715 9999
119.229 29.715 9999
119.222 29.715 9999
119.214 29.715 9999
119.205 29.7151 9999
119.205 29.7252 9999
119.205 29.7338 9999
119.168 29.715 9999
119.155 29.7188 9999
119.155 29.7302 9999
119.155 29.7408 9999
119.145 29.748 9999
119.145 29.7584 9999
119.145 29.7684 9999
119.145 29.7783 9999
119.145 29.7882 9999
119.135 29.8 9999
119.135 29.8113 9999
119.135 29.8231 9999
119.136 29.835 9999
119.16 29.835 9999
119.185 29.8295 9999
119.19 29.835 9999
119.201 29.835 9999
119.21 29.835 9999
119.218 29.835 9999
119.225 29.835 9999
119.232 29.835 9999
119.237 29.835 9999
119.243 29.835 9999
119.248 29.835 9999
119.253 29.835 9999
119.258 29.835 9999

VALUE 0 120.467 29.786 1.5 43 37.9878 75.9757
POLYGON 73
120.467 29.825 9999
120.471 29.825 9999
120.474 29.825 9999
120.475 29.8153 9999
120.478 29.815 9999
120.481 29.815 9999
120.484 29.815 9999
120.485 29.8115 9999
120.485 29.8073 9999
120.486 29.805 9999
120.49 29.805 9999
120.494 29.805 9999
120.495 29.8021 9999
120.495 29.799 9999
120.495 29.7961 9999
120.495 29.7935 9999
120.495 29.7909 9999
120.495 29.7884 9999
120.495 29.786 9999
120.505 29.7827 9999
120.505 29.7793 9999
120.505 29.7759 9999
120.505 29.7722 9999
120.505 29.7683 9999
120.504 29.765 9999
120.497 29.765 9999
120.492 29.765 9999
120.488 29.765 9999
120.485 29.7647 9999
120.485 29.7605 9999
120.485 29.7551 9999
120.482 29.755 9999
120.478 29.755 9999
120.475 29.755 9999
120.474 29.745 9999
120.471 29.745 9999
120.467 29.745 9999
120.464 29.755 9999
120.462 29.755 9999
120.459 29.755 9999
120.456 29.755 9999
120.455 29.76 9999
120.455 29.765 9999
120.452 29.765 9999
120.45 29.765 9999
120.446 29.765 9999
120.445 29.7674 9999
120.445 29.7705 9999
120.445 29.7732 9999
120.444 29.775 9999
120.437 29.775 9999
120.435 29.7774 9999
120.435 29.7803 9999
120.435 29.7832 9999
120.435 29.786 9999
120.435 29.7888 9999
120.435 29.7917 9999
120.425 29.7973 9999
120.425 29.8013 9999
120.426 29.805 9999
120.434 29.805 9999
120.435 29.8085 9999
120.435 29.813 9999
120.438 29.815 9999
120.443 29.815 9999
120.454 29.805 9999
120.455 29.807 9999
120.455 29.812 9999
120.457 29.815 9999
120.459 29.815 9999
120.462 29.815 9999
120.465 29.815 9999
120.467 29.825 9999

VALUE 0 120.737 29.8608 1.5 50.5 257.122 514.244
POLYGON 73
120.737 29.925 9999
120.743 29.925 9999
120.75 29.935 9999
120.76 29.945 9999
120.768 29.945 9999
120.781 29.955 9999
120.786 29.945 9999
120.795 29.9431 9999
120.8 29.935 9999
120.812 29.935 9999
120.815 29.9259 9999
120.825 29.9221 9999
120.825 29.9114 9999
120.832 29.905 9999
120.835 29.8963 9999
120.845 29.8896 9999
120.855 29.8815 9999
120.865 29.872 9999
120.865 29.8608 9999
120.865 29.8496 9999
120.845 29.8418 9999
120.834 29.835 9999
120.805 29.8362 9999
120.795 29.8339 9999
120.795 29.8275 9999
120.789 29.825 9999
120.785 29.8208 9999
120.785 29.8132 9999
120.784 29.805 9999
120.776 29.805 9999
120.77 29.805 9999
120.749 29.835 9999
120.747 29.835 9999
120.745 29.8324 9999
120.744 29.825 9999
120.741 29.825 9999
120.737 29.825 9999
120.733 29.815 9999
120.729 29.815 9999
120.722 29.805 9999
120.713 29.795 9999
120.707 29.795 9999
120.694 29.785 9999
120.677 29.775 9999
120.665 29.775 9999
120.652 29.775 9999
120.635 29.775 9999
120.635 29.7891 9999
120.625 29.7959 9999
120.618 29.805 9999
120.615 29.8163 9999
120.605 29.8253 9999
120.615 29.8392 9999
120.655 29.8536 9999
120.655 29.8608 9999
120.655 29.868 9999
120.657 29.875 9999
120.665 29.8802 9999
120.665 29.8871 9999
120.665 29.8946 9999
120.675 29.8968 9999
120.675 29.9045 9999
120.685 29.905 9999
120.693 29.905 9999
120.7 29.905 9999
120.705 29.9071 9999
120.706 29.915 9999
120.712 29.915 9999
120.715 29.9223 9999
120.72 29.925 9999
120.726 29.925 9999
120.732 29.925 9999
120.737 29.925 9999

VALUE 0 120.529 29.8188 1.5 43 17.3671 34.7341
POLYGON 73
120.529 29.835 9999
120.531 29.835 9999
120.532 29.835 9999
120.534 29.835 9999
120.535 29.8342 9999
120.535 29.8308 9999
120.535 29.8285 9999
120.535 29.8268 9999
120.535 29.8255 9999
120.536 29.825 9999
120.537 29.825 9999
120.538 29.825 9999
120.54 29.825 9999
120.543 29.825 9999
120.545 29.8244 9999
120.545 29.8229 9999
120.545 29.8215 9999
120.545 29.8201 9999
120.545 29.8188 9999
120.545 29.8174 9999
120.555 29.8142 9999
120.555 29.8119 9999
120.555 29.8094 9999
120.555 29.8068 9999
120.555 29.804 9999
120.555 29.8008 9999
120.555 29.7973 9999
120.553 29.795 9999
120.549 29.795 9999
120.546 29.795 9999
120.545 29.7917 9999
120.545 29.7852 9999
120.542 29.785 9999
120.538 29.785 9999
120.535 29.785 9999
120.531 29.795 9999
120.529 29.795 9999
120.527 29.795 9999
120.525 29.795 9999
120.525 29.8024 9999
120.525 29.8067 9999
120.525 29.8094 9999
120.525 29.8112 9999
120.525 29.8125 9999
120.525 29.8135 9999
120.525 29.8144 9999
120.525 29.815 9999
120.524 29.815 9999
120.523 29.815 9999
120.521 29.815 9999
120.519 29.815 9999
120.515 29.815 9999
120.515 29.8162 9999
120.515 29.8175 9999
120.515 29.8188 9999
120.515 29.82 9999
120.515 29.8213 9999
120.505 29.8253 9999
120.505 29.8276 9999
120.505 29.8301 9999
120.505 29.8328 9999
120.505 29.8358 9999
120.505 29.8392 9999
120.505 29.8431 9999
120.505 29.8478 9999
120.505 29.8536 9999
120.508 29.855 9999
120.512 29.855 9999
120.52 29.845 9999
120.522 29.845 9999
120.525 29.845 9999
120.528 29.835 9999
120.529 29.835 9999

VALUE 0 120.856 29.9449 1.5 41.5 40.159 80.318
POLYGON 73
120.856 29.965 9999
120.857 29.965 9999
120.859 29.965 9999
120.861 29.965 9999
120.863 29.965 9999
120.865 29.9649 9999
120.865 29.961 9999
120.865 29.9582 9999
120.865 29.956 9999
120.866 29.955 9999
120.868 29.955 9999
120.87 29.955 9999
120.873 29.955 9999
120.875 29.9539 9999
120.875 29.9519 9999
120.875 29.95 9999
120.875 29.9483 9999
120.875 29.9466 9999
120.875 29.9449 9999
120.875 29.9432 9999
120.875 29.9415 9999
120.875 29.9397 9999
120.885 29.9342 9999
120.905 29.9219 9999
120.915 29.9106 9999
120.913 29.905 9999
120.903 29.905 9999
120.896 29.905 9999
120.889 29.905 9999
120.884 29.905 9999
120.879 29.905 9999
120.874 29.905 9999
120.87 29.905 9999
120.866 29.905 9999
120.861 29.915 9999
120.858 29.915 9999
120.856 29.915 9999
120.854 29.925 9999
120.852 29.925 9999
120.85 29.925 9999
120.848 29.925 9999
120.846 29.925 9999
120.844 29.925 9999
120.842 29.925 9999
120.839 29.925 9999
120.836 29.925 9999
120.835 29.9275 9999
120.835 29.9304 9999
120.835 29.9329 9999
120.835 29.935 9999
120.829 29.935 9999
120.825 29.9366 9999
120.825 29.9395 9999
120.825 29.9422 9999
120.825 29.9449 9999
120.835 29.9467 9999
120.835 29.9485 9999
120.835 29.9504 9999
120.835 29.9524 9999
120.835 29.9545 9999
120.815 29.9683 9999
120.805 29.9803 9999
120.808 29.985 9999
120.815 29.9855 9999
120.815 29.9933 9999
120.821 29.995 9999
120.827 29.995 9999
120.832 29.995 9999
120.841 29.985 9999
120.845 29.985 9999
120.85 29.975 9999
120.853 29.975 9999
120.856 29.965 9999

VALUE 0 118.528 30.0798 1.5 53 90.022 180.044
POLYGON 73
118.528 30.135 9999
118.533 30.135 9999
118.538 30.135 9999
118.546 30.145 9999
118.552 30.145 9999
118.559 30.145 9999
118.566 30.145 9999
118.574 30.145 9999
118.583 30.145 9999
118.585 30.1367 9999
118.585 30.1275 9999
118.575 30.1126 9999
118.575 30.1069 9999
118.575 30.1016 9999
118.575 30.0968 9999
118.575 30.0923 9999
118.575 30.088 9999
118.535 30.0804 9999
118.535 30.0798 9999
118.535 30.0792 9999
118.535 30.0785 9999
118.535 30.0779 9999
118.535 30.0772 9999
118.535 30.0765 9999
118.535 30.0758 9999
118.535 30.0749 9999
118.535 30.0739 9999
118.535 30.0728 9999
118.535 30.0715 9999
118.535 30.0699 9999
118.535 30.0678 9999
118.535 30.0649 9999
118.535 30.0607 9999
118.535 30.0539 9999
118.535 30.0405 9999
118.535 30.0006 9999
118.528 29.995 9999
118.518 29.965 9999
118.508 29.965 9999
118.497 29.965 9999
118.486 29.965 9999
118.512 30.045 9999
118.508 30.045 9999
118.505 30.0468 9999
118.505 30.0523 9999
118.505 30.0567 9999
118.505 30.0604 9999
118.505 30.0636 9999
118.505 30.0664 9999
118.505 30.069 9999
118.505 30.0714 9999
118.505 30.0736 9999
118.501 30.075 9999
118.495 30.0769 9999
118.495 30.0798 9999
118.495 30.0827 9999
118.495 30.0856 9999
118.495 30.0886 9999
118.495 30.0918 9999
118.495 30.0952 9999
118.495 30.0989 9999
118.485 30.1099 9999
118.485 30.1159 9999
118.485 30.1228 9999
118.49 30.125 9999
118.495 30.127 9999
118.495 30.137 9999
118.498 30.145 9999
118.504 30.145 9999
118.511 30.145 9999
118.517 30.145 9999
118.522 30.145 9999
118.528 30.135 9999

VALUE 0 118.456 30.0188 1.5 43.5 17.3687 34.7374
POLYGON 73
118.456 30.035 9999
118.457 30.035 9999
118.458 30.035 9999
118.46 30.035 9999
118.462 30.035 9999
118.463 30.035 9999
118.465 30.035 9999
118.467 30.035 9999
118.469 30.035 9999
118.472 30.035 9999
118.475 30.035 9999
118.475 30.0323 9999
118.475 30.0299 9999
118.475 30.0278 9999
118.475 30.0258 9999
118.479 30.025 9999
118.485 30.0239 9999
118.485 30.0213 9999
118.485 30.0188 9999
118.485 30.0162 9999
118.477 30.015 9999
118.475 30.0136 9999
118.475 30.0117 9999
118.475 30.0097 9999
118.475 30.0076 9999
118.475 30.0052 9999
118.475 30.0025 9999
118.475 29.9994 9999
118.475 29.9957 9999
118.472 29.995 9999
118.469 29.995 9999
118.467 29.995 9999
118.461 30.005 9999
118.459 30.005 9999
118.458 30.005 9999
118.457 30.005 9999
118.456 30.005 9999
118.454 30.005 9999
118.453 30.005 9999
118.452 30.005 9999
118.451 30.005 9999
118.445 29.995 9999
118.442 29.995 9999
118.439 29.995 9999
118.436 29.995 9999
118.435 29.9981 9999
118.435 30.0014 9999
118.435 30.0043 9999
118.435 30.0068 9999
118.435 30.0091 9999
118.435 30.0112 9999
118.435 30.0132 9999
118.435 30.0151 9999
118.435 30.0169 9999
118.435 30.0188 9999
118.435 30.0206 9999
118.435 30.0224 9999
118.435 30.0243 9999
118.435 30.0263 9999
118.435 30.0284 9999
118.435 30.0307 9999
118.435 30.0332 9999
118.435 30.0361 9999
118.435 30.0394 9999
118.435 30.0433 9999
118.437 30.045 9999
118.44 30.045 9999
118.443 30.045 9999
118.45 30.035 9999
118.451 30.035 9999
118.453 30.035 9999
118.454 30.035 9999
118.456 30.035 9999

VALUE 0 118.465 30.0775 1.5 40 21.7091 43.4182
POLYGON 73
118.465 30.105 9999
118.467 30.105 9999
118.47 30.105 9999
118.472 30.105 9999
118.475 30.105 9999
118.475 30.0989 9999
118.475 30.095 9999
118.477 30.095 9999
118.48 30.095 9999
118.483 30.095 9999
118.485 30.0943 9999
118.485 30.0915 9999
118.485 30.089 9999
118.485 30.0868 9999
118.485 30.0848 9999
118.485 30.0829 9999
118.485 30.081 9999
118.485 30.0792 9999
118.485 30.0775 9999
118.485 30.0758 9999
118.485 30.074 9999
118.485 30.0721 9999
118.485 30.0702 9999
118.485 30.0682 9999
118.485 30.066 9999
118.485 30.0635 9999
118.485 30.0607 9999
118.485 30.0575 9999
118.485 30.0537 9999
118.485 30.0489 9999
118.484 30.045 9999
118.48 30.045 9999
118.477 30.045 9999
118.471 30.055 9999
118.469 30.055 9999
118.467 30.055 9999
118.465 30.055 9999
118.463 30.055 9999
118.461 30.055 9999
118.459 30.055 9999
118.457 30.055 9999
118.455 30.055 9999
118.452 30.055 9999
118.449 30.055 9999
118.446 30.055 9999
118.445 30.0575 9999
118.445 30.0607 9999
118.445 30.0635 9999
118.445 30.066 9999
118.445 30.0682 9999
118.445 30.0702 9999
118.445 30.0721 9999
118.445 30.074 9999
118.445 30.0758 9999
118.445 30.0775 9999
118.445 30.0792 9999
118.445 30.081 9999
118.445 30.0829 9999
118.445 30.0848 9999
118.445 30.0868 9999
118.445 30.089 9999
118.445 30.0915 9999
118.445 30.0943 9999
118.445 30.0975 9999
118.445 30.1013 9999
118.446 30.105 9999
118.449 30.105 9999
118.452 30.105 9999
118.455 30.105 9999
118.458 30.105 9999
118.46 30.105 9999
118.463 30.105 9999
118.465 30.105 9999

VALUE 0 117.934 30.1749 1.5 61.5 298.337 596.673
POLYGON 73
117.934 30.215 9999
117.937 30.205 9999
117.939 30.205 9999
117.942 30.205 9999
117.945 30.205 9999
117.948 30.205 9999
117.957 30.215 9999
117.962 30.215 9999
117.965 30.212 9999
117.965 30.206 9999
117.97 30.205 9999
117.977 30.205 9999
117.986 30.205 9999
118.02 30.215 9999
118.044 30.215 9999
118.045 30.2046 9999
118.085 30.2015 9999
118.085 30.1881 9999
118.075 30.1749 9999
118.075 30.1625 9999
118.075 30.15 9999
118.075 30.1371 9999
118.065 30.1272 9999
118.065 30.1137 9999
118.055 30.105 9999
118.019 30.115 9999
118.005 30.115 9999
117.994 30.115 9999
117.984 30.115 9999
117.976 30.115 9999
117.968 30.115 9999
117.965 30.1082 9999
117.963 30.095 9999
117.955 30.095 9999
117.95 30.085 9999
117.938 30.125 9999
117.934 30.135 9999
117.93 30.135 9999
117.922 30.105 9999
117.915 30.105 9999
117.908 30.105 9999
117.901 30.105 9999
117.894 30.105 9999
117.885 30.1051 9999
117.885 30.1166 9999
117.885 30.126 9999
117.885 30.1339 9999
117.863 30.125 9999
117.855 30.1293 9999
117.848 30.135 9999
117.845 30.1425 9999
117.845 30.1511 9999
117.855 30.161 9999
117.821 30.165 9999
117.815 30.1749 9999
117.815 30.1853 9999
117.785 30.2011 9999
117.785 30.2148 9999
117.795 30.2254 9999
117.795 30.2396 9999
117.805 30.2493 9999
117.805 30.265 9999
117.838 30.255 9999
117.854 30.255 9999
117.883 30.235 9999
117.899 30.225 9999
117.905 30.225 9999
117.911 30.225 9999
117.919 30.215 9999
117.923 30.215 9999
117.927 30.215 9999
117.93 30.215 9999
117.934 30.215 9999

VALUE 0 118.977 30.2914 1.5 49.5 31.48 62.96
POLYGON 73
118.977 30.325 9999
118.979 30.325 9999
118.982 30.325 9999
118.986 30.325 9999
118.989 30.325 9999
118.992 30.325 9999
118.995 30.3233 9999
118.995 30.3177 9999
118.988 30.305 9999
118.99 30.305 9999
118.993 30.305 9999
118.996 30.305 9999
119 30.305 9999
119.006 30.305 9999
119.014 30.305 9999
119.015 30.3017 9999
119.015 30.2982 9999
119.015 30.2947 9999
119.015 30.2914 9999
119.015 30.288 9999
119.015 30.2846 9999
119.015 30.2811 9999
119.015 30.2774 9999
119.012 30.275 9999
119.005 30.275 9999
119 30.275 9999
118.996 30.275 9999
118.993 30.275 9999
118.99 30.275 9999
118.988 30.275 9999
118.986 30.275 9999
118.984 30.275 9999
118.983 30.275 9999
118.981 30.275 9999
118.979 30.275 9999
118.978 30.275 9999
118.977 30.275 9999
118.974 30.265 9999
118.972 30.265 9999
118.969 30.265 9999
118.967 30.265 9999
118.964 30.265 9999
118.961 30.265 9999
118.958 30.265 9999
118.954 30.265 9999
118.95 30.265 9999
118.945 30.265 9999
118.945 30.2693 9999
118.945 30.2732 9999
118.941 30.275 9999
118.935 30.2763 9999
118.935 30.2802 9999
118.935 30.2841 9999
118.935 30.2877 9999
118.935 30.2914 9999
118.935 30.295 9999
118.956 30.295 9999
118.963 30.295 9999
118.965 30.2956 9999
118.965 30.2968 9999
118.965 30.298 9999
118.965 30.2995 9999
118.965 30.3011 9999
118.965 30.3029 9999
118.965 30.3051 9999
118.965 30.3079 9999
118.965 30.3114 9999
118.965 30.3162 9999
118.965 30.3231 9999
118.968 30.325 9999
118.971 30.325 9999
118.974 30.325 9999
118.977 30.325 9999

VALUE 0 117.704 30.3418 1.5 55.5 48.8435 97.6869
POLYGON 73
117.704 30.375 9999
117.706 30.365 9999
117.708 30.365 9999
117.71 30.365 9999
117.713 30.365 9999
117.715 30.365 9999
117.718 30.365 9999
117.72 30.365 9999
117.724 30.365 9999
117.727 30.365 9999
117.732 30.365 9999
117.735 30.3633 9999
117.735 30.3595 9999
117.735 30.3561 9999
117.741 30.355 9999
117.754 30.355 9999
117.755 30.3507 9999
117.755 30.3462 9999
117.745 30.3418 9999
117.745 30.3382 9999
117.745 30.3346 9999
117.745 30.3309 9999
117.745 30.3269 9999
117.74 30.325 9999
117.735 30.324 9999
117.735 30.3202 9999
117.735 30.316 9999
117.735 30.311 9999
117.735 30.3051 9999
117.73 30.305 9999
117.725 30.305 9999
117.721 30.305 9999
117.718 30.305 9999
117.714 30.305 9999
117.711 30.305 9999
117.707 30.305 9999
117.704 30.315 9999
117.702 30.315 9999
117.7 30.315 9999
117.697 30.315 9999
117.694 30.315 9999
117.692 30.315 9999
117.689 30.315 9999
117.685 30.315 9999
117.685 30.3189 9999
117.685 30.3226 9999
117.684 30.325 9999
117.68 30.325 9999
117.675 30.325 9999
117.668 30.325 9999
117.658 30.325 9999
117.655 30.3286 9999
117.655 30.3331 9999
117.665 30.3383 9999
117.665 30.3418 9999
117.665 30.3452 9999
117.665 30.3487 9999
117.665 30.3523 9999
117.665 30.3561 9999
117.665 30.3601 9999
117.665 30.3644 9999
117.671 30.365 9999
117.675 30.3663 9999
117.675 30.371 9999
117.675 30.3766 9999
117.675 30.3835 9999
117.679 30.385 9999
117.684 30.385 9999
117.692 30.375 9999
117.695 30.375 9999
117.698 30.375 9999
117.701 30.375 9999
117.704 30.375 9999

VALUE 0 122.699 30.3639 1.96602 41.5 307.017 317.865
POLYGON 73
122.699 30.425 9999
122.704 30.425 9999
122.71 30.425 9999
122.715 30.4238 9999
122.718 30.415 9999
122.723 30.415 9999
122.728 30.415 9999
122.735 30.415 9999
122.742 30.415 9999
122.745 30.4099 9999
122.748 30.405 9999
122.758 30.405 9999
122.765 30.402 9999
122.766 30.395 9999
122.784 30.395 9999
122.785 30.3869 9999
122.805 30.3826 9999
122.826 30.375 9999
122.865 30.3639 9999
122.875 30.3485 9999
122.875 30.3328 9999
122.875 30.3167 9999
122.875 30.2998 9999
122.847 30.295 9999
122.818 30.295 9999
122.754 30.325 9999
122.745 30.325 9999
122.728 30.335 9999
122.715 30.345 9999
122.712 30.345 9999
122.71 30.345 9999
122.708 30.345 9999
122.706 30.345 9999
122.701 30.355 9999
122.715 30.275 9999
122.707 30.275 9999
122.699 30.275 9999
122.692 30.285 9999
122.685 30.285 9999
122.678 30.285 9999
122.674 30.295 9999
122.667 30.295 9999
122.659 30.295 9999
122.651 30.295 9999
122.645 30.2996 9999
122.64 30.305 9999
122.629 30.305 9999
122.625 30.3121 9999
122.614 30.315 9999
122.605 30.3201 9999
122.592 30.325 9999
122.585 30.3334 9999
122.565 30.3403 9999
122.535 30.3495 9999
122.525 30.3639 9999
122.535 30.3782 9999
122.545 30.391 9999
122.555 30.4025 9999
122.586 30.405 9999
122.611 30.405 9999
122.615 30.4124 9999
122.615 30.4227 9999
122.625 30.4259 9999
122.625 30.4378 9999
122.625 30.452 9999
122.628 30.465 9999
122.646 30.455 9999
122.661 30.445 9999
122.669 30.445 9999
122.68 30.435 9999
122.686 30.435 9999
122.693 30.435 9999
122.699 30.425 9999

VALUE 0 117.805 30.4142 1.5 42 20.6243 41.2486
POLYGON 73
117.805 30.435 9999
117.807 30.435 9999
117.809 30.435 9999
117.811 30.435 9999
117.813 30.435 9999
117.815 30.435 9999
117.817 30.435 9999
117.82 30.435 9999
117.823 30.435 9999
117.826 30.435 9999
117.83 30.435 9999
117.835 30.435 9999
117.835 30.4314 9999
117.835 30.4281 9999
117.835 30.425 9999
117.825 30.4195 9999
117.825 30.4177 9999
117.825 30.4159 9999
117.825 30.4142 9999
117.825 30.4125 9999
117.825 30.4107 9999
117.825 30.4089 9999
117.825 30.407 9999
117.825 30.405 9999
117.825 30.4028 9999
117.825 30.4004 9999
117.825 30.3977 9999
117.824 30.395 9999
117.821 30.395 9999
117.819 30.395 9999
117.816 30.395 9999
117.814 30.395 9999
117.812 30.395 9999
117.81 30.395 9999
117.809 30.395 9999
117.807 30.395 9999
117.805 30.395 9999
117.803 30.385 9999
117.8 30.385 9999
117.797 30.385 9999
117.795 30.386 9999
117.795 30.3922 9999
117.794 30.395 9999
117.792 30.395 9999
117.789 30.395 9999
117.786 30.395 9999
117.782 30.395 9999
117.778 30.395 9999
117.775 30.3967 9999
117.775 30.4001 9999
117.775 30.4032 9999
117.785 30.4088 9999
117.785 30.4106 9999
117.785 30.4124 9999
117.785 30.4142 9999
117.785 30.416 9999
117.785 30.4178 9999
117.785 30.4196 9999
117.785 30.4216 9999
117.785 30.4237 9999
117.787 30.425 9999
117.79 30.425 9999
117.792 30.425 9999
117.794 30.425 9999
117.795 30.4264 9999
117.795 30.4289 9999
117.795 30.432 9999
117.795 30.4362 9999
117.795 30.4424 9999
117.797 30.445 9999
117.8 30.445 9999
117.803 30.445 9999
117.805 30.435 9999

VALUE 0 122.463 30.4691 1.5 43 210.475 420.949
POLYGON 73
122.463 30.545 9999
122.468 30.535 9999
122.474 30.535 9999
122.48 30.535 9999
122.485 30.5304 9999
122.489 30.525 9999
122.495 30.525 9999
122.502 30.525 9999
122.505 30.5195 9999
122.509 30.515 9999
122.517 30.515 9999
122.525 30.5127 9999
122.525 30.5051 9999
122.535 30.5028 9999
122.535 30.4954 9999
122.545 30.4911 9999
122.553 30.485 9999
122.555 30.4771 9999
122.575 30.4691 9999
122.575 30.4592 9999
122.565 30.451 9999
122.565 30.4417 9999
122.556 30.435 9999
122.555 30.426 9999
122.539 30.425 9999
122.505 30.4394 9999
122.503 30.435 9999
122.497 30.435 9999
122.495 30.4306 9999
122.495 30.4229 9999
122.494 30.415 9999
122.488 30.415 9999
122.482 30.415 9999
122.477 30.415 9999
122.475 30.3992 9999
122.469 30.395 9999
122.463 30.385 9999
122.455 30.385 9999
122.448 30.385 9999
122.443 30.395 9999
122.436 30.395 9999
122.433 30.405 9999
122.426 30.405 9999
122.418 30.405 9999
122.415 30.4122 9999
122.409 30.415 9999
122.398 30.415 9999
122.395 30.4217 9999
122.386 30.425 9999
122.375 30.4282 9999
122.369 30.435 9999
122.355 30.4402 9999
122.355 30.4501 9999
122.355 30.4597 9999
122.365 30.4691 9999
122.375 30.4767 9999
122.375 30.4845 9999
122.375 30.4926 9999
122.391 30.495 9999
122.405 30.496 9999
122.405 30.5024 9999
122.395 30.5165 9999
122.396 30.525 9999
122.407 30.525 9999
122.415 30.5259 9999
122.415 30.5372 9999
122.419 30.545 9999
122.425 30.5499 9999
122.431 30.555 9999
122.44 30.555 9999
122.449 30.545 9999
122.456 30.545 9999
122.463 30.545 9999

VALUE 0 122.215 30.5258 1.5 40 35.8172 71.6344
POLYGON 73
122.215 30.545 9999
122.217 30.545 9999
122.219 30.545 9999
122.22 30.545 9999
122.222 30.545 9999
122.224 30.545 9999
122.225 30.5428 9999
122.225 30.5398 9999
122.225 30.5375 9999
122.225 30.5356 9999
122.226 30.535 9999
122.228 30.535 9999
122.231 30.535 9999
122.235 30.535 9999
122.241 30.535 9999
122.245 30.5338 9999
122.245 30.531 9999
122.245 30.5284 9999
122.245 30.5258 9999
122.255 30.5223 9999
122.255 30.5187 9999
122.265 30.5124 9999
122.265 30.5076 9999
122.265 30.5025 9999
122.265 30.497 9999
122.265 30.4909 9999
122.264 30.485 9999
122.256 30.485 9999
122.241 30.495 9999
122.237 30.495 9999
122.227 30.505 9999
122.225 30.505 9999
122.223 30.505 9999
122.221 30.505 9999
122.219 30.505 9999
122.217 30.505 9999
122.215 30.505 9999
122.214 30.515 9999
122.213 30.515 9999
122.212 30.515 9999
122.211 30.515 9999
122.21 30.515 9999
122.209 30.515 9999
122.208 30.515 9999
122.206 30.515 9999
122.204 30.515 9999
122.202 30.515 9999
122.2 30.515 9999
122.197 30.515 9999
122.195 30.5164 9999
122.195 30.5184 9999
122.195 30.5204 9999
122.195 30.5222 9999
122.195 30.524 9999
122.175 30.5258 9999
122.175 30.5293 9999
122.155 30.5364 9999
122.155 30.5419 9999
122.162 30.545 9999
122.165 30.5491 9999
122.165 30.5547 9999
122.173 30.555 9999
122.18 30.555 9999
122.186 30.555 9999
122.191 30.555 9999
122.195 30.555 9999
122.198 30.555 9999
122.202 30.555 9999
122.205 30.555 9999
122.21 30.545 9999
122.212 30.545 9999
122.213 30.545 9999
122.215 30.545 9999

VALUE 0 122.581 30.5433 1.5 42 16.284 32.568
POLYGON 73
122.581 30.555 9999
122.582 30.555 9999
122.583 30.555 9999
122.584 30.555 9999
122.586 30.555 9999
122.587 30.555 9999
122.588 30.555 9999
122.59 30.555 9999
122.591 30.555 9999
122.593 30.555 9999
122.595 30.555 9999
122.598 30.555 9999
122.602 30.555 9999
122.606 30.555 9999
122.613 30.555 9999
122.615 30.5524 9999
122.615 30.5493 9999
122.615 30.5463 9999
122.605 30.5433 9999
122.605 30.5413 9999
122.605 30.5392 9999
122.605 30.537 9999
122.605 30.5347 9999
122.605 30.5323 9999
122.605 30.5297 9999
122.605 30.5268 9999
122.603 30.525 9999
122.6 30.525 9999
122.597 30.525 9999
122.587 30.535 9999
122.586 30.535 9999
122.585 30.535 9999
122.585 30.5333 9999
122.585 30.5297 9999
122.585 30.525 9999
122.583 30.525 9999
122.581 30.525 9999
122.58 30.525 9999
122.578 30.525 9999
122.576 30.525 9999
122.575 30.525 9999
122.573 30.525 9999
122.571 30.525 9999
122.568 30.525 9999
122.566 30.525 9999
122.565 30.527 9999
122.565 30.5296 9999
122.565 30.5319 9999
122.565 30.5339 9999
122.563 30.535 9999
122.558 30.535 9999
122.555 30.5363 9999
122.555 30.5387 9999
122.555 30.541 9999
122.555 30.5433 9999
122.555 30.5456 9999
122.555 30.548 9999
122.555 30.5504 9999
122.555 30.5529 9999
122.555 30.5556 9999
122.555 30.5585 9999
122.555 30.5618 9999
122.556 30.565 9999
122.56 30.565 9999
122.563 30.565 9999
122.573 30.555 9999
122.575 30.555 9999
122.576 30.555 9999
122.577 30.555 9999
122.578 30.555 9999
122.579 30.555 9999
122.58 30.555 9999
122.581 30.555 9999

VALUE 0 122.314 30.5704 1.5 39 27.1356 54.2712
POLYGON 73
122.314 30.605 9999
122.316 30.595 9999
122.318 30.595 9999
122.321 30.595 9999
122.323 30.595 9999
122.325 30.595 9999
122.328 30.595 9999
122.331 30.595 9999
122.335 30.595 9999
122.335 30.5914 9999
122.335 30.588 9999
122.335 30.5851 9999
122.339 30.585 9999
122.345 30.5849 9999
122.345 30.5817 9999
122.345 30.5787 9999
122.345 30.5759 9999
122.345 30.5731 9999
122.345 30.5704 9999
122.345 30.5677 9999
122.345 30.565 9999
122.335 30.5648 9999
122.335 30.5628 9999
122.335 30.5606 9999
122.335 30.5583 9999
122.335 30.5557 9999
122.332 30.555 9999
122.329 30.555 9999
122.327 30.555 9999
122.325 30.5547 9999
122.325 30.5513 9999
122.325 30.5468 9999
122.323 30.545 9999
122.321 30.545 9999
122.318 30.545 9999
122.316 30.545 9999
122.314 30.535 9999
122.311 30.535 9999
122.308 30.535 9999
122.305 30.5368 9999
122.305 30.545 9999
122.302 30.545 9999
122.299 30.545 9999
122.296 30.545 9999
122.293 30.545 9999
122.289 30.545 9999
122.285 30.5461 9999
122.285 30.5501 9999
122.285 30.5537 9999
122.285 30.5569 9999
122.285 30.5598 9999
122.285 30.5626 9999
122.295 30.567 9999
122.295 30.5687 9999
122.295 30.5704 9999
122.295 30.5721 9999
122.295 30.5738 9999
122.295 30.5755 9999
122.295 30.5773 9999
122.295 30.5793 9999
122.295 30.5814 9999
122.295 30.5837 9999
122.297 30.585 9999
122.299 30.585 9999
122.302 30.585 9999
122.295 30.5975 9999
122.295 30.6033 9999
122.298 30.605 9999
122.301 30.605 9999
122.305 30.605 9999
122.308 30.605 9999
122.311 30.605 9999
122.314 30.605 9999

VALUE 0 122.064 30.6354 1.5 38.5 110.676 221.353
POLYGON 73
122.064 30.695 9999
122.071 30.715 9999
122.077 30.705 9999
122.083 30.705 9999
122.09 30.705 9999
122.095 30.701 9999
122.099 30.695 9999
122.106 30.695 9999
122.114 30.695 9999
122.115 30.686 9999
122.105 30.6695 9999
122.095 30.6568 9999
122.085 30.6473 9999
122.085 30.645 9999
122.091 30.645 9999
122.095 30.6436 9999
122.095 30.6408 9999
122.095 30.6381 9999
122.095 30.6354 9999
122.115 30.631 9999
122.125 30.6247 9999
122.125 30.6192 9999
122.125 30.6133 9999
122.125 30.6071 9999
122.117 30.605 9999
122.108 30.605 9999
122.105 30.6013 9999
122.105 30.5948 9999
122.105 30.587 9999
122.1 30.585 9999
122.095 30.5824 9999
122.095 30.5698 9999
122.09 30.565 9999
122.083 30.565 9999
122.077 30.565 9999
122.07 30.575 9999
122.064 30.585 9999
122.06 30.585 9999
122.056 30.585 9999
122.051 30.585 9999
122.046 30.585 9999
122.045 30.5938 9999
122.041 30.595 9999
122.036 30.595 9999
122.031 30.595 9999
122.025 30.596 9999
122.025 30.6023 9999
122.021 30.605 9999
122.012 30.605 9999
122.005 30.6077 9999
122.005 30.6138 9999
121.995 30.6168 9999
121.995 30.6232 9999
121.995 30.6293 9999
122.005 30.6354 9999
122.005 30.6406 9999
122.01 30.645 9999
122.015 30.6486 9999
122.015 30.6534 9999
122.015 30.6584 9999
122.015 30.6639 9999
122.022 30.665 9999
122.035 30.6601 9999
122.035 30.6648 9999
122.035 30.6704 9999
122.037 30.675 9999
122.042 30.675 9999
122.045 30.677 9999
122.046 30.685 9999
122.051 30.685 9999
122.055 30.6888 9999
122.059 30.695 9999
122.064 30.695 9999

VALUE 0 122.169 30.6469 1.5 38.5 28.222 56.4439
POLYGON 73
122.169 30.665 9999
122.17 30.665 9999
122.172 30.665 9999
122.174 30.665 9999
122.175 30.6638 9999
122.175 30.6601 9999
122.175 30.6576 9999
122.175 30.6557 9999
122.176 30.655 9999
122.177 30.655 9999
122.178 30.655 9999
122.18 30.655 9999
122.183 30.655 9999
122.186 30.655 9999
122.191 30.655 9999
122.195 30.6539 9999
122.195 30.6515 9999
122.195 30.6492 9999
122.195 30.6469 9999
122.225 30.642 9999
122.225 30.637 9999
122.225 30.6319 9999
122.225 30.6265 9999
122.216 30.625 9999
122.205 30.626 9999
122.205 30.6216 9999
122.205 30.6166 9999
122.201 30.615 9999
122.196 30.615 9999
122.177 30.635 9999
122.176 30.635 9999
122.174 30.635 9999
122.173 30.635 9999
122.172 30.635 9999
122.171 30.635 9999
122.17 30.635 9999
122.169 30.635 9999
122.168 30.635 9999
122.167 30.635 9999
122.166 30.635 9999
122.165 30.6364 9999
122.165 30.6387 9999
122.165 30.6403 9999
122.165 30.6414 9999
122.165 30.6423 9999
122.165 30.6431 9999
122.165 30.6437 9999
122.165 30.6442 9999
122.165 30.6447 9999
122.165 30.645 9999
122.164 30.645 9999
122.124 30.635 9999
122.115 30.6374 9999
122.115 30.6422 9999
122.125 30.6469 9999
122.125 30.6508 9999
122.125 30.6547 9999
122.125 30.6587 9999
122.125 30.6629 9999
122.13 30.665 9999
122.135 30.6665 9999
122.135 30.6706 9999
122.135 30.675 9999
122.141 30.675 9999
122.145 30.675 9999
122.149 30.675 9999
122.153 30.675 9999
122.16 30.665 9999
122.162 30.665 9999
122.164 30.665 9999
122.166 30.665 9999
122.167 30.665 9999
122.169 30.665 9999

VALUE 0 121.942 30.6945 1.5 42 98.7509 197.502
POLYGON 73
121.942 30.765 9999
121.948 30.765 9999
121.954 30.765 9999
121.958 30.755 9999
121.964 30.755 9999
121.97 30.755 9999
121.975 30.7525 9999
121.977 30.745 9999
121.984 30.745 9999
121.992 30.745 9999
122.002 30.745 9999
122.005 30.7389 9999
122.012 30.735 9999
122.025 30.7334 9999
122.005 30.7176 9999
121.955 30.6981 9999
121.955 30.6969 9999
121.955 30.6957 9999
121.975 30.6945 9999
121.975 30.6916 9999
121.975 30.6886 9999
121.995 30.6802 9999
121.995 30.675 9999
121.995 30.6696 9999
121.995 30.6636 9999
121.995 30.6571 9999
121.989 30.655 9999
121.985 30.651 9999
121.983 30.645 9999
121.976 30.645 9999
121.975 30.6366 9999
121.969 30.635 9999
121.963 30.635 9999
121.957 30.635 9999
121.95 30.645 9999
121.946 30.645 9999
121.942 30.645 9999
121.937 30.645 9999
121.935 30.655 9999
121.931 30.655 9999
121.927 30.655 9999
121.923 30.655 9999
121.919 30.655 9999
121.914 30.655 9999
121.908 30.655 9999
121.902 30.655 9999
121.895 30.6555 9999
121.895 30.6619 9999
121.89 30.665 9999
121.885 30.6681 9999
121.885 30.6739 9999
121.869 30.675 9999
121.865 30.681 9999
121.845 30.6861 9999
121.845 30.6945 9999
121.855 30.7021 9999
121.882 30.705 9999
121.902 30.705 9999
121.935 30.6969 9999
121.935 30.6976 9999
121.935 30.6983 9999
121.935 30.6991 9999
121.935 30.7 9999
121.935 30.701 9999
121.935 30.7023 9999
121.925 30.7181 9999
121.925 30.7232 9999
121.925 30.73 9999
121.927 30.735 9999
121.931 30.735 9999
121.934 30.735 9999
121.935 30.765 9999
121.942 30.765 9999

VALUE 0 121.813 30.7233 1.5 37.5 22.7954 45.5909
POLYGON 73
121.813 30.745 9999
121.815 30.745 9999
121.817 30.745 9999
121.819 30.745 9999
121.821 30.745 9999
121.823 30.745 9999
121.826 30.745 9999
121.829 30.745 9999
121.832 30.745 9999
121.835 30.745 9999
121.835 30.7415 9999
121.835 30.7385 9999
121.835 30.7358 9999
121.835 30.7334 9999
121.835 30.7312 9999
121.835 30.7291 9999
121.835 30.7272 9999
121.835 30.7252 9999
121.835 30.7233 9999
121.835 30.7214 9999
121.835 30.7195 9999
121.835 30.7175 9999
121.835 30.7154 9999
121.835 30.7132 9999
121.835 30.7108 9999
121.845 30.7012 9999
121.845 30.6968 9999
121.842 30.695 9999
121.837 30.695 9999
121.833 30.695 9999
121.83 30.695 9999
121.827 30.695 9999
121.82 30.705 9999
121.818 30.705 9999
121.817 30.705 9999
121.815 30.705 9999
121.813 30.705 9999
121.812 30.705 9999
121.81 30.705 9999
121.808 30.705 9999
121.807 30.705 9999
121.805 30.705 9999
121.803 30.705 9999
121.8 30.705 9999
121.798 30.705 9999
121.795 30.705 9999
121.795 30.7079 9999
121.795 30.7105 9999
121.795 30.7127 9999
121.795 30.7148 9999
121.79 30.715 9999
121.785 30.7157 9999
121.785 30.7183 9999
121.785 30.7209 9999
121.785 30.7233 9999
121.785 30.7258 9999
121.785 30.7283 9999
121.785 30.7309 9999
121.785 30.7336 9999
121.785 30.7365 9999
121.785 30.7397 9999
121.785 30.7432 9999
121.788 30.745 9999
121.792 30.745 9999
121.795 30.745 9999
121.798 30.745 9999
121.801 30.745 9999
121.803 30.745 9999
121.805 30.745 9999
121.808 30.745 9999
121.81 30.745 9999
121.811 30.745 9999
121.813 30.745 9999

VALUE 0 121.736 30.7636 1.5 37.5 27.1374 54.2747
POLYGON 73
121.736 30.785 9999
121.738 30.785 9999
121.74 30.785 9999
121.742 30.785 9999
121.744 30.785 9999
121.745 30.7829 9999
121.745 30.7792 9999
121.745 30.7765 9999
121.746 30.775 9999
121.747 30.775 9999
121.75 30.775 9999
121.752 30.775 9999
121.756 30.775 9999
121.76 30.775 9999
121.765 30.7742 9999
121.765 30.7714 9999
121.765 30.7687 9999
121.765 30.7661 9999
121.785 30.7636 9999
121.785 30.7593 9999
121.785 30.755 9999
121.768 30.755 9999
121.765 30.753 9999
121.765 30.7501 9999
121.765 30.7469 9999
121.763 30.745 9999
121.758 30.745 9999
121.755 30.7446 9999
121.755 30.741 9999
121.755 30.7365 9999
121.753 30.735 9999
121.749 30.735 9999
121.746 30.735 9999
121.741 30.745 9999
121.739 30.745 9999
121.738 30.745 9999
121.736 30.745 9999
121.734 30.745 9999
121.733 30.745 9999
121.731 30.745 9999
121.729 30.745 9999
121.727 30.745 9999
121.725 30.745 9999
121.725 30.7479 9999
121.725 30.7505 9999
121.725 30.7526 9999
121.725 30.7544 9999
121.724 30.755 9999
121.721 30.755 9999
121.718 30.755 9999
121.712 30.755 9999
121.704 30.755 9999
121.695 30.7564 9999
121.695 30.76 9999
121.695 30.7636 9999
121.695 30.7672 9999
121.695 30.7708 9999
121.695 30.7746 9999
121.705 30.775 9999
121.705 30.7781 9999
121.705 30.7815 9999
121.705 30.785 9999
121.71 30.785 9999
121.715 30.785 9999
121.718 30.785 9999
121.721 30.785 9999
121.724 30.785 9999
121.726 30.785 9999
121.728 30.785 9999
121.73 30.785 9999
121.732 30.785 9999
121.734 30.785 9999
121.736 30.785 9999

VALUE 0 121.868 30.786 1.5 37.5 21.7094 43.4188
POLYGON 73
121.868 30.805 9999
121.869 30.805 9999
121.871 30.805 9999
121.873 30.805 9999
121.874 30.805 9999
121.875 30.8021 9999
121.875 30.799 9999
121.875 30.7967 9999
121.875 30.795 9999
121.877 30.795 9999
121.878 30.795 9999
121.88 30.795 9999
121.883 30.795 9999
121.887 30.795 9999
121.892 30.795 9999
121.895 30.7934 9999
121.895 30.7908 9999
121.895 30.7884 9999
121.895 30.786 9999
121.905 30.7827 9999
121.905 30.7794 9999
121.905 30.776 9999
121.898 30.775 9999
121.891 30.775 9999
121.887 30.775 9999
121.885 30.7737 9999
121.885 30.7713 9999
121.885 30.7685 9999
121.885 30.7651 9999
121.885 30.761 9999
121.885 30.7557 9999
121.882 30.755 9999
121.879 30.755 9999
121.876 30.755 9999
121.871 30.765 9999
121.869 30.765 9999
121.868 30.765 9999
121.866 30.765 9999
121.864 30.765 9999
121.862 30.765 9999
121.86 30.765 9999
121.858 30.765 9999
121.855 30.765 9999
121.855 30.7682 9999
121.855 30.7711 9999
121.855 30.7735 9999
121.855 30.7755 9999
121.855 30.7773 9999
121.855 30.7788 9999
121.855 30.7802 9999
121.855 30.7815 9999
121.855 30.7827 9999
121.855 30.7838 9999
121.855 30.7849 9999
121.835 30.786 9999
121.835 30.7888 9999
121.835 30.7917 9999
121.835 30.7947 9999
121.835 30.7978 9999
121.835 30.8012 9999
121.835 30.8048 9999
121.84 30.805 9999
121.845 30.805 9999
121.845 30.8085 9999
121.845 30.8128 9999
121.847 30.815 9999
121.851 30.815 9999
121.854 30.815 9999
121.861 30.805 9999
121.862 30.805 9999
121.864 30.805 9999
121.866 30.805 9999
121.868 30.805 9999

VALUE 0 121.758 30.8197 1.5 37.5 33.6484 67.2968
POLYGON 73
121.758 30.845 9999
121.761 30.845 9999
121.763 30.845 9999
121.765 30.845 9999
121.768 30.845 9999
121.77 30.845 9999
121.773 30.845 9999
121.775 30.8434 9999
121.775 30.8395 9999
121.775 30.8363 9999
121.777 30.835 9999
121.78 30.835 9999
121.785 30.835 9999
121.791 30.835 9999
121.8 30.835 9999
121.805 30.8322 9999
121.805 30.8279 9999
121.795 30.8229 9999
121.795 30.8197 9999
121.795 30.8165 9999
121.785 30.815 9999
121.785 30.8125 9999
121.785 30.81 9999
121.785 30.8073 9999
121.784 30.805 9999
121.779 30.805 9999
121.776 30.805 9999
121.775 30.8031 9999
121.775 30.7999 9999
121.775 30.796 9999
121.775 30.7909 9999
121.775 30.785 9999
121.771 30.785 9999
121.768 30.785 9999
121.763 30.795 9999
121.761 30.795 9999
121.758 30.795 9999
121.756 30.795 9999
121.754 30.795 9999
121.752 30.795 9999
121.749 30.795 9999
121.747 30.795 9999
121.744 30.795 9999
121.741 30.795 9999
121.738 30.795 9999
121.735 30.7963 9999
121.735 30.8001 9999
121.735 30.8033 9999
121.733 30.805 9999
121.727 30.805 9999
121.718 30.805 9999
121.715 30.8081 9999
121.715 30.812 9999
121.725 30.8168 9999
121.725 30.8197 9999
121.725 30.8226 9999
121.725 30.8256 9999
121.725 30.8286 9999
121.725 30.8318 9999
121.726 30.835 9999
121.732 30.835 9999
121.737 30.835 9999
121.74 30.835 9999
121.743 30.835 9999
121.745 30.8356 9999
121.745 30.8388 9999
121.745 30.8429 9999
121.745 30.8484 9999
121.746 30.855 9999
121.749 30.855 9999
121.752 30.855 9999
121.756 30.845 9999
121.758 30.845 9999

VALUE 0 121.591 30.9003 1.5 38 42.3276 84.6552
POLYGON 73
121.591 30.925 9999
121.593 30.925 9999
121.596 30.925 9999
121.598 30.925 9999
121.6 30.925 9999
121.603 30.925 9999
121.605 30.924 9999
121.605 30.9198 9999
121.605 30.9166 9999
121.606 30.915 9999
121.609 30.915 9999
121.612 30.915 9999
121.617 30.915 9999
121.623 30.915 9999
121.625 30.9125 9999
121.625 30.9093 9999
121.625 30.9062 9999
121.635 30.9041 9999
121.635 30.9003 9999
121.635 30.8964 9999
121.635 30.8925 9999
121.635 30.8885 9999
121.633 30.885 9999
121.625 30.8845 9999
121.625 30.8808 9999
121.625 30.8766 9999
121.625 30.872 9999
121.625 30.8665 9999
121.625 30.8601 9999
121.623 30.855 9999
121.617 30.855 9999
121.612 30.855 9999
121.608 30.855 9999
121.601 30.865 9999
121.598 30.865 9999
121.594 30.865 9999
121.591 30.865 9999
121.588 30.865 9999
121.585 30.865 9999
121.585 30.8768 9999
121.585 30.883 9999
121.585 30.8868 9999
121.585 30.8894 9999
121.585 30.8913 9999
121.585 30.8928 9999
121.585 30.894 9999
121.585 30.895 9999
121.584 30.895 9999
121.582 30.895 9999
121.58 30.895 9999
121.577 30.895 9999
121.575 30.8959 9999
121.575 30.8974 9999
121.575 30.8988 9999
121.575 30.9003 9999
121.575 30.9017 9999
121.555 30.9067 9999
121.535 30.9153 9999
121.535 30.9207 9999
121.535 30.9265 9999
121.535 30.9328 9999
121.535 30.9397 9999
121.538 30.945 9999
121.557 30.935 9999
121.562 30.935 9999
121.574 30.925 9999
121.577 30.925 9999
121.58 30.925 9999
121.582 30.925 9999
121.585 30.925 9999
121.587 30.925 9999
121.589 30.925 9999
121.591 30.925 9999

VALUE 0 121.337 30.9895 1.5 39 21.7107 43.4215
POLYGON 73
121.337 31.005 9999
121.338 31.005 9999
121.34 31.005 9999
121.341 31.005 9999
121.346 31.015 9999
121.349 31.015 9999
121.352 31.015 9999
121.355 31.015 9999
121.358 31.015 9999
121.363 31.015 9999
121.367 31.015 9999
121.373 31.015 9999
121.375 31.0114 9999
121.375 31.0072 9999
121.365 30.9997 9999
121.365 30.997 9999
121.365 30.9944 9999
121.365 30.9919 9999
121.365 30.9895 9999
121.365 30.9871 9999
121.363 30.985 9999
121.355 30.9847 9999
121.355 30.983 9999
121.355 30.9811 9999
121.355 30.9791 9999
121.355 30.9769 9999
121.354 30.975 9999
121.352 30.975 9999
121.349 30.975 9999
121.347 30.975 9999
121.345 30.975 9999
121.344 30.975 9999
121.342 30.975 9999
121.341 30.975 9999
121.34 30.975 9999
121.338 30.975 9999
121.337 30.975 9999
121.335 30.965 9999
121.333 30.965 9999
121.33 30.965 9999
121.328 30.965 9999
121.326 30.965 9999
121.323 30.965 9999
121.32 30.965 9999
121.316 30.965 9999
121.315 30.9675 9999
121.315 30.971 9999
121.315 30.9741 9999
121.312 30.975 9999
121.306 30.975 9999
121.297 30.975 9999
121.295 30.9782 9999
121.295 30.9821 9999
121.305 30.9867 9999
121.305 30.9895 9999
121.305 30.9923 9999
121.306 30.995 9999
121.316 30.995 9999
121.322 30.995 9999
121.325 30.995 9999
121.327 30.995 9999
121.329 30.995 9999
121.33 30.995 9999
121.332 30.995 9999
121.332 30.995 9999
121.333 30.995 9999
121.334 30.995 9999
121.334 30.995 9999
121.335 30.995 9999
121.335 30.997 9999
121.335 31.0009 9999
121.336 31.005 9999
121.337 31.005 9999

VALUE 0 115.901 31.2693 1.5 41 338.171 676.342
POLYGON 73
115.901 31.405 9999
115.913 31.405 9999
115.927 31.415 9999
115.94 31.415 9999
115.958 31.425 9999
115.95 31.375 9999
115.962 31.375 9999
115.975 31.3749 9999
115.981 31.365 9999
115.987 31.355 9999
116.003 31.355 9999
115.952 31.305 9999
115.955 31.3004 9999
115.955 31.2944 9999
115.955 31.2889 9999
115.925 31.2757 9999
115.915 31.2717 9999
115.915 31.2705 9999
115.915 31.2693 9999
115.915 31.268 9999
115.915 31.2668 9999
115.915 31.2655 9999
115.915 31.2642 9999
115.915 31.2627 9999
115.945 31.2439 9999
115.945 31.2385 9999
115.942 31.235 9999
115.935 31.235 9999
115.935 31.2288 9999
115.985 31.1493 9999
115.973 31.145 9999
115.975 31.1106 9999
115.964 31.095 9999
115.95 31.085 9999
115.93 31.105 9999
115.915 31.105 9999
115.901 31.115 9999
115.888 31.115 9999
115.883 31.165 9999
115.87 31.155 9999
115.865 31.1703 9999
115.857 31.175 9999
115.855 31.1895 9999
115.865 31.2178 9999
115.864 31.225 9999
115.857 31.225 9999
115.848 31.225 9999
115.838 31.225 9999
115.835 31.2311 9999
115.835 31.2385 9999
115.855 31.2525 9999
115.865 31.2596 9999
115.865 31.2629 9999
115.855 31.2652 9999
115.855 31.2693 9999
115.855 31.2733 9999
115.845 31.2791 9999
115.845 31.2843 9999
115.825 31.2969 9999
115.825 31.3047 9999
115.825 31.3132 9999
115.825 31.3225 9999
115.805 31.3498 9999
115.795 31.375 9999
115.812 31.375 9999
115.82 31.385 9999
115.834 31.385 9999
115.845 31.3894 9999
115.855 31.395 9999
115.867 31.395 9999
115.877 31.405 9999
115.889 31.405 9999
115.901 31.405 9999

VALUE 0 121.246 31.325 1.5 51.5 155.15 310.3
POLYGON 73
121.246 31.395 9999
121.252 31.395 9999
121.257 31.385 9999
121.262 31.385 9999
121.268 31.385 9999
121.274 31.385 9999
121.281 31.385 9999
121.285 31.3806 9999
121.288 31.375 9999
121.295 31.3739 9999
121.295 31.3661 9999
121.285 31.3523 9999
121.285 31.3475 9999
121.285 31.3431 9999
121.285 31.3392 9999
121.285 31.3354 9999
121.303 31.335 9999
121.315 31.331 9999
121.345 31.325 9999
121.345 31.3163 9999
121.303 31.315 9999
121.295 31.3118 9999
121.295 31.3071 9999
121.289 31.305 9999
121.325 31.2794 9999
121.317 31.275 9999
121.315 31.2671 9999
121.315 31.256 9999
121.305 31.2547 9999
121.302 31.245 9999
121.292 31.245 9999
121.283 31.245 9999
121.275 31.245 9999
121.265 31.255 9999
121.258 31.255 9999
121.251 31.265 9999
121.246 31.265 9999
121.241 31.265 9999
121.235 31.265 9999
121.233 31.275 9999
121.228 31.275 9999
121.223 31.275 9999
121.217 31.275 9999
121.211 31.275 9999
121.205 31.2761 9999
121.205 31.2839 9999
121.198 31.285 9999
121.189 31.285 9999
121.185 31.2897 9999
121.182 31.295 9999
121.175 31.2991 9999
121.175 31.3059 9999
121.175 31.3124 9999
121.185 31.3196 9999
121.185 31.325 9999
121.185 31.3303 9999
121.165 31.3393 9999
121.171 31.345 9999
121.175 31.3508 9999
121.182 31.355 9999
121.194 31.355 9999
121.195 31.3607 9999
121.198 31.365 9999
121.206 31.365 9999
121.195 31.3858 9999
121.195 31.3978 9999
121.2 31.405 9999
121.209 31.405 9999
121.217 31.405 9999
121.225 31.405 9999
121.232 31.405 9999
121.24 31.395 9999
121.246 31.395 9999

VALUE 0 120.88 31.4184 1.5 50 262.502 525.005
POLYGON 73
120.88 31.515 9999
120.888 31.505 9999
120.895 31.505 9999
120.903 31.505 9999
120.908 31.495 9999
120.916 31.495 9999
120.924 31.495 9999
120.934 31.495 9999
120.936 31.485 9999
120.947 31.485 9999
120.96 31.485 9999
120.965 31.4778 9999
120.944 31.455 9999
120.955 31.4533 9999
120.955 31.4457 9999
120.979 31.445 9999
120.985 31.4369 9999
120.995 31.4285 9999
120.995 31.4184 9999
120.985 31.4093 9999
120.985 31.3999 9999
120.965 31.3957 9999
120.955 31.3912 9999
120.955 31.3835 9999
120.965 31.3694 9999
120.965 31.359 9999
120.956 31.355 9999
120.944 31.355 9999
120.935 31.3531 9999
120.932 31.345 9999
120.923 31.345 9999
120.914 31.345 9999
120.907 31.345 9999
120.897 31.355 9999
120.895 31.3343 9999
120.889 31.315 9999
120.88 31.315 9999
120.872 31.325 9999
120.864 31.325 9999
120.855 31.325 9999
120.846 31.325 9999
120.841 31.335 9999
120.832 31.335 9999
120.825 31.3396 9999
120.819 31.345 9999
120.807 31.345 9999
120.805 31.355 9999
120.79 31.355 9999
120.785 31.3635 9999
120.805 31.3834 9999
120.788 31.385 9999
120.785 31.3929 9999
120.785 31.4017 9999
120.805 31.4119 9999
120.805 31.4184 9999
120.785 31.4268 9999
120.785 31.4352 9999
120.785 31.4439 9999
120.785 31.4531 9999
120.795 31.4581 9999
120.795 31.4676 9999
120.799 31.475 9999
120.813 31.475 9999
120.815 31.4836 9999
120.816 31.495 9999
120.834 31.485 9999
120.842 31.485 9999
120.845 31.4938 9999
120.845 31.515 9999
120.852 31.525 9999
120.863 31.515 9999
120.872 31.515 9999
120.88 31.515 9999

VALUE 0 115.826 31.4244 1.5 39 17.3694 34.7389
POLYGON 73
115.826 31.435 9999
115.827 31.435 9999
115.828 31.435 9999
115.828 31.435 9999
115.829 31.435 9999
115.835 31.445 9999
115.838 31.445 9999
115.84 31.445 9999
115.843 31.445 9999
115.846 31.445 9999
115.85 31.445 9999
115.855 31.4449 9999
115.855 31.4413 9999
115.855 31.4381 9999
115.855 31.4351 9999
115.855 31.4322 9999
115.855 31.4296 9999
115.855 31.4269 9999
115.855 31.4244 9999
115.855 31.4218 9999
115.855 31.4192 9999
115.855 31.4165 9999
115.851 31.415 9999
115.846 31.415 9999
115.842 31.415 9999
115.839 31.415 9999
115.837 31.415 9999
115.835 31.415 9999
115.833 31.415 9999
115.832 31.415 9999
115.831 31.415 9999
115.83 31.415 9999
115.829 31.415 9999
115.828 31.415 9999
115.827 31.415 9999
115.826 31.415 9999
115.826 31.415 9999
115.824 31.405 9999
115.822 31.405 9999
115.82 31.405 9999
115.819 31.405 9999
115.817 31.405 9999
115.814 31.405 9999
115.812 31.405 9999
115.809 31.405 9999
115.806 31.405 9999
115.805 31.4071 9999
115.805 31.4099 9999
115.805 31.4125 9999
115.805 31.4148 9999
115.8 31.415 9999
115.791 31.415 9999
115.785 31.4172 9999
115.785 31.4208 9999
115.785 31.4244 9999
115.805 31.4262 9999
115.805 31.428 9999
115.805 31.4299 9999
115.805 31.4319 9999
115.805 31.434 9999
115.807 31.435 9999
115.81 31.435 9999
115.813 31.435 9999
115.815 31.435 9999
115.817 31.435 9999
115.818 31.435 9999
115.819 31.435 9999
115.821 31.435 9999
115.822 31.435 9999
115.823 31.435 9999
115.824 31.435 9999
115.825 31.435 9999
115.826 31.435 9999

VALUE 0 121.425 31.5941 1.5 36 18.4551 36.9101
POLYGON 73
121.425 31.605 9999
121.426 31.605 9999
121.427 31.605 9999
121.428 31.605 9999
121.429 31.605 9999
121.43 31.605 9999
121.432 31.605 9999
121.433 31.605 9999
121.434 31.605 9999
121.436 31.605 9999
121.438 31.605 9999
121.441 31.605 9999
121.444 31.605 9999
121.449 31.605 9999
121.455 31.6049 9999
121.455 31.6021 9999
121.455 31.5994 9999
121.455 31.5967 9999
121.455 31.5941 9999
121.455 31.5915 9999
121.455 31.5889 9999
121.455 31.5862 9999
121.455 31.5833 9999
121.455 31.5803 9999
121.455 31.577 9999
121.453 31.575 9999
121.448 31.575 9999
121.444 31.575 9999
121.441 31.575 9999
121.439 31.575 9999
121.436 31.575 9999
121.434 31.575 9999
121.432 31.575 9999
121.43 31.575 9999
121.429 31.575 9999
121.427 31.575 9999
121.425 31.575 9999
121.424 31.585 9999
121.424 31.585 9999
121.423 31.585 9999
121.422 31.585 9999
121.421 31.585 9999
121.42 31.585 9999
121.419 31.585 9999
121.418 31.585 9999
121.416 31.585 9999
121.414 31.585 9999
121.412 31.585 9999
121.41 31.585 9999
121.406 31.585 9999
121.4 31.585 9999
121.395 31.586 9999
121.395 31.5888 9999
121.395 31.5915 9999
121.395 31.5941 9999
121.395 31.5968 9999
121.395 31.5995 9999
121.395 31.6022 9999
121.395 31.6051 9999
121.395 31.6082 9999
121.395 31.6116 9999
121.395 31.615 9999
121.4 31.615 9999
121.404 31.615 9999
121.408 31.615 9999
121.411 31.615 9999
121.413 31.615 9999
121.42 31.605 9999
121.421 31.605 9999
121.422 31.605 9999
121.423 31.605 9999
121.424 31.605 9999
121.425 31.605 9999

VALUE 0 115.804 31.6677 1.5 41.5 93.3311 186.662
POLYGON 73
115.804 31.705 9999
115.807 31.705 9999
115.81 31.705 9999
115.816 31.715 9999
115.821 31.715 9999
115.826 31.715 9999
115.831 31.715 9999
115.837 31.715 9999
115.843 31.715 9999
115.845 31.709 9999
115.845 31.7023 9999
115.845 31.6966 9999
115.851 31.695 9999
115.862 31.695 9999
115.865 31.69 9999
115.865 31.6841 9999
115.865 31.6785 9999
115.865 31.673 9999
115.865 31.6677 9999
115.834 31.665 9999
115.819 31.665 9999
115.865 31.6513 9999
115.865 31.6454 9999
115.865 31.6391 9999
115.865 31.6323 9999
115.865 31.625 9999
115.855 31.625 9999
115.846 31.625 9999
115.84 31.625 9999
115.834 31.625 9999
115.828 31.625 9999
115.825 31.622 9999
115.823 31.615 9999
115.818 31.615 9999
115.813 31.615 9999
115.808 31.615 9999
115.804 31.615 9999
115.799 31.615 9999
115.794 31.615 9999
115.79 31.615 9999
115.785 31.615 9999
115.779 31.615 9999
115.773 31.615 9999
115.767 31.615 9999
115.765 31.6215 9999
115.791 31.655 9999
115.789 31.655 9999
115.786 31.655 9999
115.782 31.655 9999
115.777 31.655 9999
115.769 31.655 9999
115.765 31.6573 9999
115.765 31.6608 9999
115.765 31.6643 9999
115.765 31.6677 9999
115.695 31.6772 9999
115.705 31.685 9999
115.715 31.6914 9999
115.729 31.695 9999
115.745 31.695 9999
115.756 31.695 9999
115.765 31.695 9999
115.765 31.7002 9999
115.766 31.705 9999
115.772 31.705 9999
115.778 31.705 9999
115.782 31.705 9999
115.786 31.705 9999
115.79 31.705 9999
115.794 31.705 9999
115.797 31.705 9999
115.8 31.705 9999
115.804 31.705 9999

VALUE 0 115.476 31.8477 1.5 41.5 77.0524 154.105
POLYGON 73
115.476 31.905 9999
115.481 31.905 9999
115.485 31.9001 9999
115.485 31.8822 9999
115.486 31.875 9999
115.488 31.875 9999
115.492 31.875 9999
115.495 31.875 9999
115.495 31.8707 9999
115.495 31.867 9999
115.495 31.8639 9999
115.495 31.8612 9999
115.495 31.8588 9999
115.495 31.8567 9999
115.495 31.8547 9999
115.495 31.8529 9999
115.517 31.855 9999
115.559 31.855 9999
115.565 31.8477 9999
115.565 31.8399 9999
115.548 31.835 9999
115.523 31.835 9999
115.511 31.835 9999
115.505 31.8341 9999
115.505 31.8309 9999
115.505 31.8273 9999
115.505 31.8232 9999
115.505 31.8185 9999
115.505 31.8129 9999
115.505 31.806 9999
115.5 31.805 9999
115.496 31.805 9999
115.491 31.805 9999
115.487 31.805 9999
115.483 31.805 9999
115.48 31.805 9999
115.476 31.805 9999
115.472 31.805 9999
115.468 31.805 9999
115.462 31.795 9999
115.457 31.795 9999
115.451 31.795 9999
115.445 31.795 9999
115.439 31.795 9999
115.435 31.7992 9999
115.435 31.807 9999
115.435 31.8135 9999
115.435 31.8192 9999
115.435 31.8242 9999
115.435 31.8287 9999
115.435 31.8329 9999
115.445 31.8395 9999
115.445 31.8423 9999
115.475 31.8477 9999
115.475 31.8477 9999
115.475 31.8478 9999
115.475 31.8479 9999
115.475 31.848 9999
115.415 31.8699 9999
115.415 31.8761 9999
115.415 31.8828 9999
115.415 31.8903 9999
115.419 31.895 9999
115.429 31.895 9999
115.436 31.895 9999
115.443 31.895 9999
115.448 31.895 9999
115.454 31.895 9999
115.459 31.895 9999
115.463 31.895 9999
115.467 31.895 9999
115.472 31.895 9999
115.476 31.905 9999

VALUE 0 120.692 31.8995 1.46083 40.5 20.6273 34.7406
POLYGON 73
120.692 31.915 9999
120.693 31.915 9999
120.695 31.915 9999
120.695 31.9103 9999
120.695 31.9074 9999
120.695 31.9057 9999
120.695 31.905 9999
120.696 31.905 9999
120.697 31.905 9999
120.698 31.905 9999
120.699 31.905 9999
120.7 31.905 9999
120.702 31.905 9999
120.704 31.905 9999
120.707 31.905 9999
120.713 31.905 9999
120.723 31.905 9999
120.735 31.9032 9999
120.735 31.8995 9999
120.745 31.8948 9999
120.745 31.8901 9999
120.745 31.8853 9999
120.732 31.885 9999
120.723 31.885 9999
120.717 31.885 9999
120.713 31.885 9999
120.709 31.885 9999
120.707 31.885 9999
120.704 31.885 9999
120.702 31.885 9999
120.7 31.885 9999
120.699 31.885 9999
120.697 31.885 9999
120.696 31.885 9999
120.693 31.895 9999
120.692 31.895 9999
120.692 31.895 9999
120.692 31.895 9999
120.691 31.895 9999
120.691 31.895 9999
120.69 31.895 9999
120.69 31.895 9999
120.69 31.895 9999
120.689 31.895 9999
120.688 31.895 9999
120.688 31.895 9999
120.687 31.895 9999
120.686 31.895 9999
120.684 31.895 9999
120.683 31.895 9999
120.68 31.895 9999
120.675 31.895 9999
120.667 31.895 9999
120.641 31.895 9999
120.635 31.8995 9999
120.635 31.9045 9999
120.655 31.906 9999
120.655 31.9094 9999
120.655 31.913 9999
120.659 31.915 9999
120.665 31.915 9999
120.67 31.915 9999
120.674 31.915 9999
120.677 31.915 9999
120.679 31.915 9999
120.681 31.915 9999
120.683 31.915 9999
120.685 31.915 9999
120.686 31.915 9999
120.688 31.915 9999
120.689 31.915 9999
120.691 31.915 9999
120.692 31.915 9999

VALUE 0 120.774 32.1818 1.45995 58.5 1613.68 3111.47
POLYGON 73
120.774 32.375 9999
120.791 32.375 9999
120.808 32.375 9999
120.826 32.375 9999
120.848 32.385 9999
120.883 32.415 9999
120.908 32.415 9999
120.937 32.415 9999
120.978 32.425 9999
120.977 32.385 9999
121.005 32.3758 9999
121.021 32.355 9999
121.025 32.3269 9999
121.081 32.325 9999
121.057 32.285 9999
121.095 32.2679 9999
121.076 32.235 9999
121.075 32.2081 9999
121.035 32.1818 9999
121.08 32.155 9999
120.926 32.155 9999
120.874 32.155 9999
120.847 32.155 9999
120.831 32.155 9999
120.82 32.155 9999
120.812 32.155 9999
120.806 32.155 9999
120.801 32.155 9999
120.815 32.1326 9999
120.905 31.9944 9999
120.895 31.9718 9999
120.889 31.935 9999
120.864 31.935 9999
120.84 31.935 9999
120.817 31.935 9999
120.795 31.935 9999
120.774 31.935 9999
120.75 31.915 9999
120.727 31.915 9999
120.705 31.925 9999
120.68 31.925 9999
120.655 31.9271 9999
120.643 31.955 9999
120.615 31.955 9999
120.585 31.9568 9999
120.557 31.965 9999
120.551 31.995 9999
120.535 32.0146 9999
120.525 32.0382 9999
120.525 32.0658 9999
120.525 32.0913 9999
120.525 32.1151 9999
120.535 32.1397 9999
120.575 32.1644 9999
120.565 32.1818 9999
120.475 32.2079 9999
120.485 32.2327 9999
120.475 32.2618 9999
120.485 32.2869 9999
120.531 32.295 9999
120.578 32.295 9999
120.612 32.295 9999
120.639 32.295 9999
120.711 32.245 9999
120.721 32.245 9999
120.729 32.245 9999
120.737 32.245 9999
120.744 32.245 9999
120.736 32.285 9999
120.735 32.3264 9999
120.74 32.375 9999
120.757 32.375 9999
120.774 32.375 9999

VALUE 0 120.339 32.3663 1.45659 53 288.379 507.373
POLYGON 73
120.339 32.405 9999
120.343 32.405 9999
120.366 32.515 9999
120.379 32.515 9999
120.394 32.515 9999
120.409 32.515 9999
120.415 32.4972 9999
120.425 32.4885 9999
120.431 32.475 9999
120.435 32.4619 9999
120.435 32.4465 9999
120.435 32.4332 9999
120.441 32.425 9999
120.445 32.4155 9999
120.425 32.3974 9999
120.425 32.3892 9999
120.435 32.3831 9999
120.439 32.375 9999
120.445 32.3663 9999
120.455 32.3562 9999
120.455 32.3459 9999
120.425 32.3433 9999
120.425 32.3351 9999
120.425 32.3264 9999
120.425 32.3169 9999
120.413 32.315 9999
120.405 32.3112 9999
120.401 32.305 9999
120.391 32.305 9999
120.382 32.305 9999
120.375 32.305 9999
120.368 32.305 9999
120.362 32.305 9999
120.356 32.305 9999
120.35 32.305 9999
120.345 32.305 9999
120.339 32.305 9999
120.334 32.305 9999
120.329 32.305 9999
120.325 32.3125 9999
120.328 32.335 9999
120.264 32.205 9999
120.246 32.205 9999
120.226 32.205 9999
120.205 32.2061 9999
120.205 32.2319 9999
120.215 32.2619 9999
120.223 32.285 9999
120.215 32.2945 9999
120.225 32.3129 9999
120.225 32.3246 9999
120.223 32.335 9999
120.215 32.3443 9999
120.225 32.3563 9999
120.225 32.3663 9999
120.235 32.3754 9999
120.235 32.3847 9999
120.255 32.3889 9999
120.26 32.395 9999
120.278 32.395 9999
120.29 32.395 9999
120.298 32.395 9999
120.329 32.375 9999
120.331 32.375 9999
120.315 32.3954 9999
120.315 32.4011 9999
120.317 32.405 9999
120.321 32.405 9999
120.325 32.405 9999
120.329 32.405 9999
120.333 32.405 9999
120.336 32.405 9999
120.339 32.405 9999

VALUE 0 119.96 32.5549 1.61659 53.5 197.405 337.324
POLYGON 73
119.96 32.615 9999
119.965 32.615 9999
119.971 32.615 9999
119.979 32.625 9999
119.986 32.625 9999
119.993 32.625 9999
120.006 32.635 9999
120.016 32.635 9999
120.035 32.6441 9999
120.04 32.635 9999
120.067 32.645 9999
120.089 32.645 9999
120.133 32.655 9999
120.155 32.6458 9999
119.988 32.565 9999
119.995 32.5643 9999
119.995 32.5611 9999
119.995 32.558 9999
119.995